#EAST NORTH ELEV Kg/m^2 [-4.5->-3.375) [-3.375->-2.25) [-2.25->-1.125) [-1.125->0) [0->1.125) [1.125->2.25) [2.25->3.375) [3.375->4.5) (percent)
-100000 -100000 1 0.156509 0 0 0 0 0 0 0.00532219 99.9947 
-99000 -100000 1 0.159107 0 0 0 0 0 0 0.00592227 99.9941 
-98000 -100000 1 0.161736 0 0 0 0 0 0 0.00658315 99.9934 
-97000 -100000 1 0.164397 0 0 0 0 0 0 0.00731016 99.9927 
-96000 -100000 1 0.167088 0 0 0 0 0 0 0.00810901 99.9919 
-95000 -100000 1 0.16981 0 0 0 0 0 0 0.00898577 99.991 
-94000 -100000 1 0.172563 0 0 0 0 0 0 0.00994694 99.9901 
-93000 -100000 1 0.175347 0 0 0 0 0 0 0.0109994 99.989 
-92000 -100000 1 0.178161 0 0 0 0 0 0 0.0121506 99.9878 
-91000 -100000 1 0.181005 0 0 0 0 0 0 0.0134081 99.9866 
-90000 -100000 1 0.183879 0 0 0 0 0 0 0.0147804 99.9852 
-89000 -100000 1 0.186784 0 0 0 0 0 0 0.0162761 99.9837 
-88000 -100000 1 0.189718 0 0 0 0 0 0 0.0179043 99.9821 
-87000 -100000 1 0.192681 0 0 0 0 0 0 0.0196747 99.9803 
-86000 -100000 1 0.195673 0 0 0 0 0 0 0.0215975 99.9784 
-85000 -100000 1 0.198694 0 0 0 0 0 0 0.0236833 99.9763 
-84000 -100000 1 0.201743 0 0 0 0 0 0 0.0259433 99.9741 
-83000 -100000 1 0.20482 0 0 0 0 0 0 0.028389 99.9716 
-82000 -100000 1 0.207925 0 0 0 0 0 0 0.0310326 99.969 
-81000 -100000 1 0.211056 0 0 0 0 0 0 0.0338865 99.9661 
-80000 -100000 1 0.214214 0 0 0 0 0 0 0.0369639 99.963 
-79000 -100000 1 0.217398 0 0 0 0 0 0 0.0402781 99.9597 
-78000 -100000 1 0.220608 0 0 0 0 0 0 0.0438431 99.9562 
-77000 -100000 1 0.223842 0 0 0 0 0 0 0.0476732 99.9523 
-76000 -100000 1 0.2271 0 0 0 0 0 0 0.0517829 99.9482 
-75000 -100000 1 0.230381 0 0 0 0 0 0 0.0561872 99.9438 
-74000 -100000 1 0.233686 0 0 0 0 0 0 0.0609015 99.9391 
-73000 -100000 1 0.237012 0 0 0 0 0 0 0.0659411 99.9341 
-72000 -100000 1 0.240359 0 0 0 0 0 0 0.0713218 99.9287 
-71000 -100000 1 0.243727 0 0 0 0 0 0 0.0770594 99.9229 
-70000 -100000 1 0.247113 0 0 0 0 0 0 0.0831699 99.9168 
-69000 -100000 1 0.250519 0 0 0 0 0 0 0.0896691 99.9103 
-68000 -100000 1 0.253941 0 0 0 0 0 0 0.0965729 99.9034 
-67000 -100000 1 0.257381 0 0 0 0 0 0 0.103897 99.8961 
-66000 -100000 1 0.260835 0 0 0 0 0 0 0.111657 99.8883 
-65000 -100000 1 0.264303 0 0 0 0 0 0 0.119868 99.8801 
-64000 -100000 1 0.267785 0 0 0 0 0 0 0.128545 99.8715 
-63000 -100000 1 0.271278 0 0 0 0 0 0 0.137702 99.8623 
-62000 -100000 1 0.274782 0 0 0 0 0 0 0.147353 99.8526 
-61000 -100000 1 0.278295 0 0 0 0 0 0 0.15751 99.8425 
-60000 -100000 1 0.281815 0 0 0 0 0 0 0.168187 99.8318 
-59000 -100000 1 0.285342 0 0 0 0 0 0 0.179393 99.8206 
-58000 -100000 1 0.288874 0 0 0 0 0 0 0.19114 99.8089 
-57000 -100000 1 0.292409 0 0 0 0 0 0 0.203436 99.7966 
-56000 -100000 1 0.295945 0 0 0 0 0 0 0.21629 99.7837 
-55000 -100000 1 0.299482 0 0 0 0 0 0 0.229706 99.7703 
-54000 -100000 1 0.303017 0 0 0 0 0 0 0.243692 99.7563 
-53000 -100000 1 0.306548 0 0 0 0 0 0 0.258248 99.7418 
-52000 -100000 1 0.310074 0 0 0 0 0 0 0.273377 99.7266 
-51000 -100000 1 0.313593 0 0 0 0 0 0 0.289079 99.7109 
-50000 -100000 1 0.317102 0 0 0 0 0 0 0.305352 99.6946 
-49000 -100000 1 0.320601 0 0 0 0 0 0 0.322189 99.6778 
-48000 -100000 1 0.324086 0 0 0 0 0 0 0.339586 99.6604 
-47000 -100000 1 0.327556 0 0 0 0 0 0 0.357534 99.6425 
-46000 -100000 1 0.331009 0 0 0 0 0 0 0.37602 99.624 
-45000 -100000 1 0.334441 0 0 0 0 0 0 0.395032 99.605 
-44000 -100000 1 0.337852 0 0 0 0 0 0 0.414554 99.5854 
-43000 -100000 1 0.341239 0 0 0 0 0 0 0.434567 99.5654 
-42000 -100000 1 0.344599 0 0 0 0 0 0 0.45505 99.545 
-41000 -100000 1 0.34793 0 0 0 0 0 0 0.475979 99.524 
-40000 -100000 1 0.35123 0 0 0 0 0 0 0.497329 99.5027 
-39000 -100000 1 0.354496 0 0 0 0 0 0 0.51907 99.4809 
-38000 -100000 1 0.357725 0 0 0 0 0 0 0.541171 99.4588 
-37000 -100000 1 0.360915 0 0 0 0 0 0 0.563598 99.4364 
-36000 -100000 1 0.364064 0 0 0 0 0 0 0.586316 99.4137 
-35000 -100000 1 0.367168 0 0 0 0 0 0 0.609284 99.3907 
-34000 -100000 1 0.370226 0 0 0 0 0 0 0.632463 99.3675 
-33000 -100000 1 0.373234 0 0 0 0 0 0 0.655808 99.3442 
-32000 -100000 1 0.37619 0 0 0 0 0 0 0.679275 99.3207 
-31000 -100000 1 0.379091 0 0 0 0 0 0 0.702815 99.2972 
-30000 -100000 1 0.381934 0 0 0 0 0 0 0.72638 99.2736 
-29000 -100000 1 0.384717 0 0 0 0 0 0 0.749918 99.2501 
-28000 -100000 1 0.387437 0 0 0 0 0 0 0.773377 99.2266 
-27000 -100000 1 0.390091 0 0 0 0 0 0 0.796703 99.2033 
-26000 -100000 1 0.392677 0 0 0 0 0 0 0.81984 99.1802 
-25000 -100000 1 0.395191 0 0 0 0 0 0 0.842734 99.1573 
-24000 -100000 1 0.397632 0 0 0 0 0 0 0.865326 99.1347 
-23000 -100000 1 0.399997 0 0 0 0 0 0 0.887559 99.1124 
-22000 -100000 1 0.402282 0 0 0 0 0 0 0.909377 99.0906 
-21000 -100000 1 0.404487 0 0 0 0 0 0 0.930721 99.0693 
-20000 -100000 1 0.406607 0 0 0 0 0 0 0.951534 99.0485 
-19000 -100000 1 0.408641 0 0 0 0 0 0 0.97176 99.0282 
-18000 -100000 1 0.410586 0 0 0 0 0 0 0.991341 99.0087 
-17000 -100000 1 0.412441 0 0 0 0 0 0 1.01022 98.9898 
-16000 -100000 1 0.414202 0 0 0 0 0 0 1.02835 98.9716 
-15000 -100000 1 0.415868 0 0 0 0 0 0 1.04568 98.9543 
-14000 -100000 1 0.417437 0 0 0 0 0 0 1.06215 98.9379 
-13000 -100000 1 0.418907 0 0 0 0 0 0 1.07771 98.9223 
-12000 -100000 1 0.420276 0 0 0 0 0 0 1.09232 98.9077 
-11000 -100000 1 0.421542 0 0 0 0 0 0 1.10594 98.8941 
-10000 -100000 1 0.422703 0 0 0 0 0 0 1.11852 98.8815 
-9000 -100000 1 0.423759 0 0 0 0 0 0 1.13002 98.87 
-8000 -100000 1 0.424708 0 0 0 0 0 0 1.14041 98.8596 
-7000 -100000 1 0.425548 0 0 0 0 0 0 1.14966 98.8503 
-6000 -100000 1 0.426279 0 0 0 0 0 0 1.15774 98.8423 
-5000 -100000 1 0.4269 0 0 0 0 0 0 1.16462 98.8354 
-4000 -100000 1 0.427409 0 0 0 0 0 0 1.17028 98.8297 
-3000 -100000 1 0.427807 0 0 0 0 0 0 1.17471 98.8253 
-2000 -100000 1 0.428092 0 0 0 0 0 0 1.17788 98.8221 
-1000 -100000 1 0.428264 0 0 0 0 0 0 1.1798 98.8202 
0 -100000 1 0.428323 0 0 0 0 0 0 1.18044 98.8196 
1000 -100000 1 0.42827 0 0 0 0 0 0 1.17982 98.8202 
2000 -100000 1 0.428103 0 0 0 0 0 0 1.17793 98.8221 
3000 -100000 1 0.427823 0 0 0 0 0 0 1.17478 98.8252 
4000 -100000 1 0.427431 0 0 0 0 0 0 1.17038 98.8296 
5000 -100000 1 0.426927 0 0 0 0 0 0 1.16474 98.8353 
6000 -100000 1 0.426312 0 0 0 0 0 0 1.15788 98.8421 
7000 -100000 1 0.425587 0 0 0 0 0 0 1.14983 98.8502 
8000 -100000 1 0.424751 0 0 0 0 0 0 1.1406 98.8594 
9000 -100000 1 0.423808 0 0 0 0 0 0 1.13023 98.8698 
10000 -100000 1 0.422757 0 0 0 0 0 0 1.11874 98.8813 
11000 -100000 1 0.421601 0 0 0 0 0 0 1.10619 98.8938 
12000 -100000 1 0.42034 0 0 0 0 0 0 1.09259 98.9074 
13000 -100000 1 0.418976 0 0 0 0 0 0 1.078 98.922 
14000 -100000 1 0.417511 0 0 0 0 0 0 1.06245 98.9375 
15000 -100000 1 0.415947 0 0 0 0 0 0 1.046 98.954 
16000 -100000 1 0.414286 0 0 0 0 0 0 1.02869 98.9713 
17000 -100000 1 0.412529 0 0 0 0 0 0 1.01058 98.9894 
18000 -100000 1 0.41068 0 0 0 0 0 0 0.991708 99.0083 
19000 -100000 1 0.408739 0 0 0 0 0 0 0.972139 99.0279 
20000 -100000 1 0.406709 0 0 0 0 0 0 0.951926 99.0481 
21000 -100000 1 0.404593 0 0 0 0 0 0 0.931123 99.0689 
22000 -100000 1 0.402393 0 0 0 0 0 0 0.909789 99.0902 
23000 -100000 1 0.400112 0 0 0 0 0 0 0.88798 99.112 
24000 -100000 1 0.397751 0 0 0 0 0 0 0.865754 99.1342 
25000 -100000 1 0.395314 0 0 0 0 0 0 0.843169 99.1568 
26000 -100000 1 0.392804 0 0 0 0 0 0 0.820281 99.1797 
27000 -100000 1 0.390222 0 0 0 0 0 0 0.797148 99.2029 
28000 -100000 1 0.387571 0 0 0 0 0 0 0.773825 99.2262 
29000 -100000 1 0.384855 0 0 0 0 0 0 0.750369 99.2496 
30000 -100000 1 0.382075 0 0 0 0 0 0 0.726832 99.2732 
31000 -100000 1 0.379235 0 0 0 0 0 0 0.703267 99.2967 
32000 -100000 1 0.376337 0 0 0 0 0 0 0.679726 99.3203 
33000 -100000 1 0.373385 0 0 0 0 0 0 0.656258 99.3437 
34000 -100000 1 0.37038 0 0 0 0 0 0 0.63291 99.3671 
35000 -100000 1 0.367325 0 0 0 0 0 0 0.609728 99.3903 
36000 -100000 1 0.364223 0 0 0 0 0 0 0.586755 99.4132 
37000 -100000 1 0.361077 0 0 0 0 0 0 0.564033 99.436 
38000 -100000 1 0.357889 0 0 0 0 0 0 0.5416 99.4584 
39000 -100000 1 0.354662 0 0 0 0 0 0 0.519492 99.4805 
40000 -100000 1 0.351399 0 0 0 0 0 0 0.497744 99.5023 
41000 -100000 1 0.348101 0 0 0 0 0 0 0.476387 99.5236 
42000 -100000 1 0.344772 0 0 0 0 0 0 0.45545 99.5446 
43000 -100000 1 0.341414 0 0 0 0 0 0 0.434958 99.565 
44000 -100000 1 0.338029 0 0 0 0 0 0 0.414937 99.5851 
45000 -100000 1 0.33462 0 0 0 0 0 0 0.395405 99.6046 
46000 -100000 1 0.331188 0 0 0 0 0 0 0.376384 99.6236 
47000 -100000 1 0.327737 0 0 0 0 0 0 0.357887 99.6421 
48000 -100000 1 0.324269 0 0 0 0 0 0 0.339929 99.6601 
49000 -100000 1 0.320785 0 0 0 0 0 0 0.322522 99.6775 
50000 -100000 1 0.317287 0 0 0 0 0 0 0.305673 99.6943 
51000 -100000 1 0.313779 0 0 0 0 0 0 0.289391 99.7106 
52000 -100000 1 0.310261 0 0 0 0 0 0 0.273678 99.7263 
53000 -100000 1 0.306736 0 0 0 0 0 0 0.258537 99.7415 
54000 -100000 1 0.303205 0 0 0 0 0 0 0.24397 99.756 
55000 -100000 1 0.299671 0 0 0 0 0 0 0.229974 99.77 
56000 -100000 1 0.296135 0 0 0 0 0 0 0.216546 99.7835 
57000 -100000 1 0.292599 0 0 0 0 0 0 0.203682 99.7963 
58000 -100000 1 0.289065 0 0 0 0 0 0 0.191375 99.8086 
59000 -100000 1 0.285533 0 0 0 0 0 0 0.179618 99.8204 
60000 -100000 1 0.282007 0 0 0 0 0 0 0.168401 99.8316 
61000 -100000 1 0.278486 0 0 0 0 0 0 0.157715 99.8423 
62000 -100000 1 0.274973 0 0 0 0 0 0 0.147547 99.8525 
63000 -100000 1 0.27147 0 0 0 0 0 0 0.137887 99.8621 
64000 -100000 1 0.267976 0 0 0 0 0 0 0.12872 99.8713 
65000 -100000 1 0.264495 0 0 0 0 0 0 0.120034 99.88 
66000 -100000 1 0.261026 0 0 0 0 0 0 0.111814 99.8882 
67000 -100000 1 0.257571 0 0 0 0 0 0 0.104046 99.896 
68000 -100000 1 0.254132 0 0 0 0 0 0 0.0967133 99.9033 
69000 -100000 1 0.250709 0 0 0 0 0 0 0.0898015 99.9102 
70000 -100000 1 0.247303 0 0 0 0 0 0 0.0832945 99.9167 
71000 -100000 1 0.243915 0 0 0 0 0 0 0.0771767 99.9228 
72000 -100000 1 0.240547 0 0 0 0 0 0 0.0714319 99.9286 
73000 -100000 1 0.237199 0 0 0 0 0 0 0.0660444 99.934 
74000 -100000 1 0.233873 0 0 0 0 0 0 0.0609982 99.939 
75000 -100000 1 0.230568 0 0 0 0 0 0 0.0562778 99.9437 
76000 -100000 1 0.227285 0 0 0 0 0 0 0.0518675 99.9481 
77000 -100000 1 0.224026 0 0 0 0 0 0 0.0477522 99.9522 
78000 -100000 1 0.220791 0 0 0 0 0 0 0.0439168 99.9561 
79000 -100000 1 0.217581 0 0 0 0 0 0 0.0403467 99.9597 
80000 -100000 1 0.214396 0 0 0 0 0 0 0.0370276 99.963 
81000 -100000 1 0.211237 0 0 0 0 0 0 0.0339457 99.9661 
82000 -100000 1 0.208104 0 0 0 0 0 0 0.0310875 99.9689 
83000 -100000 1 0.204999 0 0 0 0 0 0 0.0284399 99.9716 
84000 -100000 1 0.201921 0 0 0 0 0 0 0.0259904 99.974 
85000 -100000 1 0.19887 0 0 0 0 0 0 0.0237269 99.9763 
86000 -100000 1 0.195848 0 0 0 0 0 0 0.0216377 99.9784 
87000 -100000 1 0.192855 0 0 0 0 0 0 0.0197118 99.9803 
88000 -100000 1 0.18989 0 0 0 0 0 0 0.0179384 99.9821 
89000 -100000 1 0.186955 0 0 0 0 0 0 0.0163075 99.9837 
90000 -100000 1 0.184049 0 0 0 0 0 0 0.0148093 99.9852 
91000 -100000 1 0.181174 0 0 0 0 0 0 0.0134346 99.9866 
92000 -100000 1 0.178328 0 0 0 0 0 0 0.0121748 99.9878 
93000 -100000 1 0.175513 0 0 0 0 0 0 0.0110217 99.989 
94000 -100000 1 0.172728 0 0 0 0 0 0 0.00996727 99.99 
95000 -100000 1 0.169973 0 0 0 0 0 0 0.00900434 99.991 
96000 -100000 1 0.16725 0 0 0 0 0 0 0.00812595 99.9919 
97000 -100000 1 0.164557 0 0 0 0 0 0 0.00732561 99.9927 
98000 -100000 1 0.161895 0 0 0 0 0 0 0.00659721 99.9934 
99000 -100000 1 0.159264 0 0 0 0 0 0 0.00593505 99.9941 
100000 -100000 1 0.156665 0 0 0 0 0 0 0.0053338 99.9947 
-100000 -99000 1 0.159107 0 0 0 0 0 0 0.00592227 99.9941 
-99000 -99000 1 0.161763 0 0 0 0 0 0 0.00659023 99.9934 
-98000 -99000 1 0.164452 0 0 0 0 0 0 0.00732589 99.9927 
-97000 -99000 1 0.167173 0 0 0 0 0 0 0.00813519 99.9919 
-96000 -99000 1 0.169925 0 0 0 0 0 0 0.00902449 99.991 
-95000 -99000 1 0.17271 0 0 0 0 0 0 0.0100006 99.99 
-94000 -99000 1 0.175527 0 0 0 0 0 0 0.0110706 99.9889 
-93000 -99000 1 0.178376 0 0 0 0 0 0 0.0122424 99.9878 
-92000 -99000 1 0.181257 0 0 0 0 0 0 0.0135241 99.9865 
-91000 -99000 1 0.184169 0 0 0 0 0 0 0.0149243 99.9851 
-90000 -99000 1 0.187112 0 0 0 0 0 0 0.0164523 99.9835 
-89000 -99000 1 0.190087 0 0 0 0 0 0 0.0181177 99.9819 
-88000 -99000 1 0.193092 0 0 0 0 0 0 0.0199308 99.9801 
-87000 -99000 1 0.196128 0 0 0 0 0 0 0.0219023 99.9781 
-86000 -99000 1 0.199195 0 0 0 0 0 0 0.0240436 99.976 
-85000 -99000 1 0.202291 0 0 0 0 0 0 0.0263665 99.9736 
-84000 -99000 1 0.205417 0 0 0 0 0 0 0.0288834 99.9711 
-83000 -99000 1 0.208572 0 0 0 0 0 0 0.0316072 99.9684 
-82000 -99000 1 0.211757 0 0 0 0 0 0 0.0345514 99.9654 
-81000 -99000 1 0.214969 0 0 0 0 0 0 0.0377301 99.9623 
-80000 -99000 1 0.218209 0 0 0 0 0 0 0.0411577 99.9588 
-79000 -99000 1 0.221477 0 0 0 0 0 0 0.0448493 99.9552 
-78000 -99000 1 0.224772 0 0 0 0 0 0 0.0488202 99.9512 
-77000 -99000 1 0.228092 0 0 0 0 0 0 0.0530865 99.9469 
-76000 -99000 1 0.231438 0 0 0 0 0 0 0.0576643 99.9423 
-75000 -99000 1 0.234809 0 0 0 0 0 0 0.0625705 99.9374 
-74000 -99000 1 0.238204 0 0 0 0 0 0 0.067822 99.9322 
-73000 -99000 1 0.241622 0 0 0 0 0 0 0.073436 99.9266 
-72000 -99000 1 0.245063 0 0 0 0 0 0 0.0794301 99.9206 
-71000 -99000 1 0.248526 0 0 0 0 0 0 0.0858219 99.9142 
-70000 -99000 1 0.252009 0 0 0 0 0 0 0.0926291 99.9074 
-69000 -99000 1 0.255512 0 0 0 0 0 0 0.0998695 99.9001 
-68000 -99000 1 0.259034 0 0 0 0 0 0 0.107561 99.8924 
-67000 -99000 1 0.262573 0 0 0 0 0 0 0.11572 99.8843 
-66000 -99000 1 0.26613 0 0 0 0 0 0 0.124365 99.8756 
-65000 -99000 1 0.269701 0 0 0 0 0 0 0.133513 99.8665 
-64000 -99000 1 0.273287 0 0 0 0 0 0 0.14318 99.8568 
-63000 -99000 1 0.276887 0 0 0 0 0 0 0.153381 99.8466 
-62000 -99000 1 0.280497 0 0 0 0 0 0 0.164133 99.8359 
-61000 -99000 1 0.284119 0 0 0 0 0 0 0.175449 99.8246 
-60000 -99000 1 0.287749 0 0 0 0 0 0 0.187343 99.8127 
-59000 -99000 1 0.291387 0 0 0 0 0 0 0.199827 99.8002 
-58000 -99000 1 0.295031 0 0 0 0 0 0 0.212914 99.7871 
-57000 -99000 1 0.298679 0 0 0 0 0 0 0.226612 99.7734 
-56000 -99000 1 0.30233 0 0 0 0 0 0 0.24093 99.7591 
-55000 -99000 1 0.305981 0 0 0 0 0 0 0.255876 99.7441 
-54000 -99000 1 0.309633 0 0 0 0 0 0 0.271455 99.7285 
-53000 -99000 1 0.313281 0 0 0 0 0 0 0.287669 99.7123 
-52000 -99000 1 0.316926 0 0 0 0 0 0 0.304522 99.6955 
-51000 -99000 1 0.320563 0 0 0 0 0 0 0.322011 99.678 
-50000 -99000 1 0.324193 0 0 0 0 0 0 0.340135 99.6599 
-49000 -99000 1 0.327812 0 0 0 0 0 0 0.358889 99.6411 
-48000 -99000 1 0.331419 0 0 0 0 0 0 0.378264 99.6217 
-47000 -99000 1 0.33501 0 0 0 0 0 0 0.398252 99.6017 
-46000 -99000 1 0.338585 0 0 0 0 0 0 0.418839 99.5812 
-45000 -99000 1 0.342141 0 0 0 0 0 0 0.440011 99.56 
-44000 -99000 1 0.345675 0 0 0 0 0 0 0.461749 99.5383 
-43000 -99000 1 0.349184 0 0 0 0 0 0 0.484033 99.516 
-42000 -99000 1 0.352668 0 0 0 0 0 0 0.506839 99.4932 
-41000 -99000 1 0.356122 0 0 0 0 0 0 0.530141 99.4699 
-40000 -99000 1 0.359545 0 0 0 0 0 0 0.553909 99.4461 
-39000 -99000 1 0.362934 0 0 0 0 0 0 0.578112 99.4219 
-38000 -99000 1 0.366286 0 0 0 0 0 0 0.602714 99.3973 
-37000 -99000 1 0.369598 0 0 0 0 0 0 0.627678 99.3723 
-36000 -99000 1 0.372868 0 0 0 0 0 0 0.652964 99.347 
-35000 -99000 1 0.376094 0 0 0 0 0 0 0.678527 99.3215 
-34000 -99000 1 0.379271 0 0 0 0 0 0 0.704322 99.2957 
-33000 -99000 1 0.382398 0 0 0 0 0 0 0.730301 99.2697 
-32000 -99000 1 0.385472 0 0 0 0 0 0 0.756413 99.2436 
-31000 -99000 1 0.388489 0 0 0 0 0 0 0.782606 99.2174 
-30000 -99000 1 0.391447 0 0 0 0 0 0 0.808823 99.1912 
-29000 -99000 1 0.394344 0 0 0 0 0 0 0.83501 99.165 
-28000 -99000 1 0.397175 0 0 0 0 0 0 0.861106 99.1389 
-27000 -99000 1 0.399939 0 0 0 0 0 0 0.887053 99.1129 
-26000 -99000 1 0.402632 0 0 0 0 0 0 0.912788 99.0872 
-25000 -99000 1 0.405252 0 0 0 0 0 0 0.93825 99.0617 
-24000 -99000 1 0.407795 0 0 0 0 0 0 0.963376 99.0366 
-23000 -99000 1 0.41026 0 0 0 0 0 0 0.988101 99.0119 
-22000 -99000 1 0.412643 0 0 0 0 0 0 1.01236 98.9876 
-21000 -99000 1 0.414942 0 0 0 0 0 0 1.03609 98.9639 
-20000 -99000 1 0.417153 0 0 0 0 0 0 1.05924 98.9408 
-19000 -99000 1 0.419275 0 0 0 0 0 0 1.08172 98.9183 
-18000 -99000 1 0.421305 0 0 0 0 0 0 1.10349 98.8965 
-17000 -99000 1 0.423241 0 0 0 0 0 0 1.12448 98.8755 
-16000 -99000 1 0.42508 0 0 0 0 0 0 1.14463 98.8554 
-15000 -99000 1 0.426819 0 0 0 0 0 0 1.16389 98.8361 
-14000 -99000 1 0.428458 0 0 0 0 0 0 1.18219 98.8178 
-13000 -99000 1 0.429993 0 0 0 0 0 0 1.19949 98.8005 
-12000 -99000 1 0.431422 0 0 0 0 0 0 1.21573 98.7843 
-11000 -99000 1 0.432745 0 0 0 0 0 0 1.23086 98.7691 
-10000 -99000 1 0.433959 0 0 0 0 0 0 1.24484 98.7552 
-9000 -99000 1 0.435062 0 0 0 0 0 0 1.25762 98.7424 
-8000 -99000 1 0.436054 0 0 0 0 0 0 1.26917 98.7308 
-7000 -99000 1 0.436932 0 0 0 0 0 0 1.27945 98.7206 
-6000 -99000 1 0.437696 0 0 0 0 0 0 1.28842 98.7116 
-5000 -99000 1 0.438345 0 0 0 0 0 0 1.29607 98.7039 
-4000 -99000 1 0.438877 0 0 0 0 0 0 1.30236 98.6976 
-3000 -99000 1 0.439293 0 0 0 0 0 0 1.30728 98.6927 
-2000 -99000 1 0.439591 0 0 0 0 0 0 1.3108 98.6892 
-1000 -99000 1 0.439771 0 0 0 0 0 0 1.31293 98.6871 
0 -99000 1 0.439833 0 0 0 0 0 0 1.31365 98.6864 
1000 -99000 1 0.439777 0 0 0 0 0 0 1.31296 98.687 
2000 -99000 1 0.439602 0 0 0 0 0 0 1.31086 98.6891 
3000 -99000 1 0.43931 0 0 0 0 0 0 1.30736 98.6926 
4000 -99000 1 0.4389 0 0 0 0 0 0 1.30247 98.6975 
5000 -99000 1 0.438373 0 0 0 0 0 0 1.2962 98.7038 
6000 -99000 1 0.43773 0 0 0 0 0 0 1.28858 98.7114 
7000 -99000 1 0.436971 0 0 0 0 0 0 1.27963 98.7204 
8000 -99000 1 0.436099 0 0 0 0 0 0 1.26938 98.7306 
9000 -99000 1 0.435112 0 0 0 0 0 0 1.25785 98.7421 
10000 -99000 1 0.434014 0 0 0 0 0 0 1.24509 98.7549 
11000 -99000 1 0.432806 0 0 0 0 0 0 1.23114 98.7689 
12000 -99000 1 0.431489 0 0 0 0 0 0 1.21603 98.784 
13000 -99000 1 0.430064 0 0 0 0 0 0 1.19981 98.8002 
14000 -99000 1 0.428534 0 0 0 0 0 0 1.18253 98.8175 
15000 -99000 1 0.426901 0 0 0 0 0 0 1.16425 98.8358 
16000 -99000 1 0.425166 0 0 0 0 0 0 1.14501 98.855 
17000 -99000 1 0.423333 0 0 0 0 0 0 1.12487 98.8751 
18000 -99000 1 0.421402 0 0 0 0 0 0 1.1039 98.8961 
19000 -99000 1 0.419377 0 0 0 0 0 0 1.08214 98.9179 
20000 -99000 1 0.417259 0 0 0 0 0 0 1.05967 98.9403 
21000 -99000 1 0.415052 0 0 0 0 0 0 1.03654 98.9635 
22000 -99000 1 0.412758 0 0 0 0 0 0 1.01282 98.9872 
23000 -99000 1 0.410379 0 0 0 0 0 0 0.988568 99.0114 
24000 -99000 1 0.407918 0 0 0 0 0 0 0.963851 99.0361 
25000 -99000 1 0.405379 0 0 0 0 0 0 0.938733 99.0613 
26000 -99000 1 0.402763 0 0 0 0 0 0 0.913277 99.0867 
27000 -99000 1 0.400074 0 0 0 0 0 0 0.887547 99.1125 
28000 -99000 1 0.397314 0 0 0 0 0 0 0.861604 99.1384 
29000 -99000 1 0.394486 0 0 0 0 0 0 0.83551 99.1645 
30000 -99000 1 0.391593 0 0 0 0 0 0 0.809325 99.1907 
31000 -99000 1 0.388638 0 0 0 0 0 0 0.783108 99.2169 
32000 -99000 1 0.385624 0 0 0 0 0 0 0.756914 99.2431 
33000 -99000 1 0.382554 0 0 0 0 0 0 0.7308 99.2692 
34000 -99000 1 0.37943 0 0 0 0 0 0 0.704819 99.2952 
35000 -99000 1 0.376255 0 0 0 0 0 0 0.67902 99.321 
36000 -99000 1 0.373033 0 0 0 0 0 0 0.653452 99.3465 
37000 -99000 1 0.369765 0 0 0 0 0 0 0.628161 99.3718 
38000 -99000 1 0.366455 0 0 0 0 0 0 0.603191 99.3968 
39000 -99000 1 0.363106 0 0 0 0 0 0 0.578582 99.4214 
40000 -99000 1 0.359719 0 0 0 0 0 0 0.554371 99.4456 
41000 -99000 1 0.356298 0 0 0 0 0 0 0.530595 99.4694 
42000 -99000 1 0.352846 0 0 0 0 0 0 0.507284 99.4927 
43000 -99000 1 0.349364 0 0 0 0 0 0 0.484468 99.5155 
44000 -99000 1 0.345856 0 0 0 0 0 0 0.462174 99.5378 
45000 -99000 1 0.342324 0 0 0 0 0 0 0.440426 99.5596 
46000 -99000 1 0.33877 0 0 0 0 0 0 0.419243 99.5808 
47000 -99000 1 0.335197 0 0 0 0 0 0 0.398645 99.6014 
48000 -99000 1 0.331606 0 0 0 0 0 0 0.378646 99.6214 
49000 -99000 1 0.328001 0 0 0 0 0 0 0.359259 99.6407 
50000 -99000 1 0.324383 0 0 0 0 0 0 0.340493 99.6595 
51000 -99000 1 0.320755 0 0 0 0 0 0 0.322357 99.6776 
52000 -99000 1 0.317118 0 0 0 0 0 0 0.304856 99.6951 
53000 -99000 1 0.313474 0 0 0 0 0 0 0.287991 99.712 
54000 -99000 1 0.309826 0 0 0 0 0 0 0.271764 99.7282 
55000 -99000 1 0.306176 0 0 0 0 0 0 0.256174 99.7438 
56000 -99000 1 0.302525 0 0 0 0 0 0 0.241216 99.7588 
57000 -99000 1 0.298874 0 0 0 0 0 0 0.226885 99.7731 
58000 -99000 1 0.295226 0 0 0 0 0 0 0.213176 99.7868 
59000 -99000 1 0.291583 0 0 0 0 0 0 0.200078 99.7999 
60000 -99000 1 0.287945 0 0 0 0 0 0 0.187582 99.8124 
61000 -99000 1 0.284315 0 0 0 0 0 0 0.175676 99.8243 
62000 -99000 1 0.280694 0 0 0 0 0 0 0.164349 99.8357 
63000 -99000 1 0.277083 0 0 0 0 0 0 0.153587 99.8464 
64000 -99000 1 0.273484 0 0 0 0 0 0 0.143375 99.8566 
65000 -99000 1 0.269897 0 0 0 0 0 0 0.133698 99.8663 
66000 -99000 1 0.266325 0 0 0 0 0 0 0.124541 99.8755 
67000 -99000 1 0.262769 0 0 0 0 0 0 0.115886 99.8841 
68000 -99000 1 0.259229 0 0 0 0 0 0 0.107717 99.8923 
69000 -99000 1 0.255707 0 0 0 0 0 0 0.100017 99.9 
70000 -99000 1 0.252203 0 0 0 0 0 0 0.0927679 99.9072 
71000 -99000 1 0.248719 0 0 0 0 0 0 0.0859524 99.914 
72000 -99000 1 0.245256 0 0 0 0 0 0 0.0795526 99.9204 
73000 -99000 1 0.241815 0 0 0 0 0 0 0.0735509 99.9264 
74000 -99000 1 0.238395 0 0 0 0 0 0 0.0679296 99.9321 
75000 -99000 1 0.235 0 0 0 0 0 0 0.0626712 99.9373 
76000 -99000 1 0.231628 0 0 0 0 0 0 0.0577585 99.9422 
77000 -99000 1 0.228281 0 0 0 0 0 0 0.0531743 99.9468 
78000 -99000 1 0.224959 0 0 0 0 0 0 0.0489021 99.9511 
79000 -99000 1 0.221664 0 0 0 0 0 0 0.0449255 99.9551 
80000 -99000 1 0.218395 0 0 0 0 0 0 0.0412287 99.9588 
81000 -99000 1 0.215154 0 0 0 0 0 0 0.037796 99.9622 
82000 -99000 1 0.21194 0 0 0 0 0 0 0.0346126 99.9654 
83000 -99000 1 0.208755 0 0 0 0 0 0 0.0316638 99.9683 
84000 -99000 1 0.205598 0 0 0 0 0 0 0.0289358 99.9711 
85000 -99000 1 0.202471 0 0 0 0 0 0 0.0264149 99.9736 
86000 -99000 1 0.199374 0 0 0 0 0 0 0.0240883 99.9759 
87000 -99000 1 0.196306 0 0 0 0 0 0 0.0219436 99.9781 
88000 -99000 1 0.193268 0 0 0 0 0 0 0.0199688 99.98 
89000 -99000 1 0.190262 0 0 0 0 0 0 0.0181527 99.9818 
90000 -99000 1 0.187286 0 0 0 0 0 0 0.0164844 99.9835 
91000 -99000 1 0.184341 0 0 0 0 0 0 0.0149538 99.985 
92000 -99000 1 0.181427 0 0 0 0 0 0 0.0135511 99.9864 
93000 -99000 1 0.178545 0 0 0 0 0 0 0.0122672 99.9877 
94000 -99000 1 0.175695 0 0 0 0 0 0 0.0110933 99.9889 
95000 -99000 1 0.172877 0 0 0 0 0 0 0.0100212 99.99 
96000 -99000 1 0.17009 0 0 0 0 0 0 0.00904334 99.991 
97000 -99000 1 0.167336 0 0 0 0 0 0 0.00815237 99.9918 
98000 -99000 1 0.164614 0 0 0 0 0 0 0.00734153 99.9927 
99000 -99000 1 0.161924 0 0 0 0 0 0 0.00660445 99.9934 
100000 -99000 1 0.159266 0 0 0 0 0 0 0.00593518 99.9941 
-100000 -98000 1 0.161736 0 0 0 0 0 0 0.00658315 99.9934 
-99000 -98000 1 0.164452 0 0 0 0 0 0 0.00732589 99.9927 
-98000 -98000 1 0.167201 0 0 0 0 0 0 0.00814394 99.9919 
-97000 -98000 1 0.169983 0 0 0 0 0 0 0.00904392 99.991 
-96000 -98000 1 0.172799 0 0 0 0 0 0 0.0100329 99.99 
-95000 -98000 1 0.175648 0 0 0 0 0 0 0.0111184 99.9889 
-94000 -98000 1 0.17853 0 0 0 0 0 0 0.0123085 99.9877 
-93000 -98000 1 0.181446 0 0 0 0 0 0 0.0136117 99.9864 
-92000 -98000 1 0.184394 0 0 0 0 0 0 0.0150373 99.985 
-91000 -98000 1 0.187375 0 0 0 0 0 0 0.0165947 99.9834 
-90000 -98000 1 0.190389 0 0 0 0 0 0 0.0182943 99.9817 
-89000 -98000 1 0.193436 0 0 0 0 0 0 0.0201468 99.9799 
-88000 -98000 1 0.196514 0 0 0 0 0 0 0.0221636 99.9778 
-87000 -98000 1 0.199625 0 0 0 0 0 0 0.0243568 99.9756 
-86000 -98000 1 0.202768 0 0 0 0 0 0 0.0267388 99.9733 
-85000 -98000 1 0.205941 0 0 0 0 0 0 0.029323 99.9707 
-84000 -98000 1 0.209146 0 0 0 0 0 0 0.0321231 99.9679 
-83000 -98000 1 0.212382 0 0 0 0 0 0 0.0351535 99.9648 
-82000 -98000 1 0.215648 0 0 0 0 0 0 0.0384292 99.9616 
-81000 -98000 1 0.218943 0 0 0 0 0 0 0.0419658 99.958 
-80000 -98000 1 0.222268 0 0 0 0 0 0 0.0457795 99.9542 
-79000 -98000 1 0.225622 0 0 0 0 0 0 0.0498869 99.9501 
-78000 -98000 1 0.229003 0 0 0 0 0 0 0.0543054 99.9457 
-77000 -98000 1 0.232413 0 0 0 0 0 0 0.0590525 99.9409 
-76000 -98000 1 0.235849 0 0 0 0 0 0 0.0641465 99.9359 
-75000 -98000 1 0.239312 0 0 0 0 0 0 0.0696059 99.9304 
-74000 -98000 1 0.242801 0 0 0 0 0 0 0.0754496 99.9246 
-73000 -98000 1 0.246314 0 0 0 0 0 0 0.0816969 99.9183 
-72000 -98000 1 0.249851 0 0 0 0 0 0 0.0883672 99.9116 
-71000 -98000 1 0.253411 0 0 0 0 0 0 0.0954802 99.9045 
-70000 -98000 1 0.256994 0 0 0 0 0 0 0.103056 99.8969 
-69000 -98000 1 0.260598 0 0 0 0 0 0 0.111113 99.8889 
-68000 -98000 1 0.264222 0 0 0 0 0 0 0.119672 99.8803 
-67000 -98000 1 0.267865 0 0 0 0 0 0 0.128753 99.8712 
-66000 -98000 1 0.271527 0 0 0 0 0 0 0.138373 99.8616 
-65000 -98000 1 0.275205 0 0 0 0 0 0 0.148554 99.8514 
-64000 -98000 1 0.278899 0 0 0 0 0 0 0.159311 99.8407 
-63000 -98000 1 0.282608 0 0 0 0 0 0 0.170664 99.8293 
-62000 -98000 1 0.28633 0 0 0 0 0 0 0.182629 99.8174 
-61000 -98000 1 0.290063 0 0 0 0 0 0 0.195222 99.8048 
-60000 -98000 1 0.293807 0 0 0 0 0 0 0.208458 99.7915 
-59000 -98000 1 0.29756 0 0 0 0 0 0 0.22235 99.7776 
-58000 -98000 1 0.30132 0 0 0 0 0 0 0.236913 99.7631 
-57000 -98000 1 0.305086 0 0 0 0 0 0 0.252156 99.7478 
-56000 -98000 1 0.308855 0 0 0 0 0 0 0.268088 99.7319 
-55000 -98000 1 0.312627 0 0 0 0 0 0 0.284719 99.7153 
-54000 -98000 1 0.316399 0 0 0 0 0 0 0.302053 99.6979 
-53000 -98000 1 0.32017 0 0 0 0 0 0 0.320094 99.6799 
-52000 -98000 1 0.323938 0 0 0 0 0 0 0.338844 99.6612 
-51000 -98000 1 0.3277 0 0 0 0 0 0 0.358302 99.6417 
-50000 -98000 1 0.331454 0 0 0 0 0 0 0.378466 99.6215 
-49000 -98000 1 0.335199 0 0 0 0 0 0 0.399328 99.6007 
-48000 -98000 1 0.338932 0 0 0 0 0 0 0.420882 99.5791 
-47000 -98000 1 0.342651 0 0 0 0 0 0 0.443116 99.5569 
-46000 -98000 1 0.346354 0 0 0 0 0 0 0.466016 99.534 
-45000 -98000 1 0.350037 0 0 0 0 0 0 0.489564 99.5104 
-44000 -98000 1 0.3537 0 0 0 0 0 0 0.513741 99.4863 
-43000 -98000 1 0.357339 0 0 0 0 0 0 0.538524 99.4615 
-42000 -98000 1 0.360951 0 0 0 0 0 0 0.563886 99.4361 
-41000 -98000 1 0.364535 0 0 0 0 0 0 0.589798 99.4102 
-40000 -98000 1 0.368087 0 0 0 0 0 0 0.616227 99.3838 
-39000 -98000 1 0.371605 0 0 0 0 0 0 0.643137 99.3569 
-38000 -98000 1 0.375086 0 0 0 0 0 0 0.670489 99.3295 
-37000 -98000 1 0.378526 0 0 0 0 0 0 0.698242 99.3018 
-36000 -98000 1 0.381924 0 0 0 0 0 0 0.72635 99.2737 
-35000 -98000 1 0.385277 0 0 0 0 0 0 0.754765 99.2452 
-34000 -98000 1 0.388581 0 0 0 0 0 0 0.783435 99.2166 
-33000 -98000 1 0.391833 0 0 0 0 0 0 0.812308 99.1877 
-32000 -98000 1 0.39503 0 0 0 0 0 0 0.841327 99.1587 
-31000 -98000 1 0.39817 0 0 0 0 0 0 0.870432 99.1296 
-30000 -98000 1 0.40125 0 0 0 0 0 0 0.899564 99.1004 
-29000 -98000 1 0.404266 0 0 0 0 0 0 0.928658 99.0713 
-28000 -98000 1 0.407215 0 0 0 0 0 0 0.957651 99.0423 
-27000 -98000 1 0.410094 0 0 0 0 0 0 0.986474 99.0135 
-26000 -98000 1 0.412901 0 0 0 0 0 0 1.01506 98.9849 
-25000 -98000 1 0.415632 0 0 0 0 0 0 1.04334 98.9567 
-24000 -98000 1 0.418284 0 0 0 0 0 0 1.07125 98.9288 
-23000 -98000 1 0.420855 0 0 0 0 0 0 1.0987 98.9013 
-22000 -98000 1 0.423341 0 0 0 0 0 0 1.12565 98.8744 
-21000 -98000 1 0.42574 0 0 0 0 0 0 1.152 98.848 
-20000 -98000 1 0.428048 0 0 0 0 0 0 1.17769 98.8223 
-19000 -98000 1 0.430263 0 0 0 0 0 0 1.20266 98.7973 
-18000 -98000 1 0.432383 0 0 0 0 0 0 1.22682 98.7732 
-17000 -98000 1 0.434405 0 0 0 0 0 0 1.25012 98.7499 
-16000 -98000 1 0.436325 0 0 0 0 0 0 1.27249 98.7275 
-15000 -98000 1 0.438143 0 0 0 0 0 0 1.29386 98.7061 
-14000 -98000 1 0.439855 0 0 0 0 0 0 1.31418 98.6858 
-13000 -98000 1 0.441459 0 0 0 0 0 0 1.33338 98.6666 
-12000 -98000 1 0.442954 0 0 0 0 0 0 1.3514 98.6486 
-11000 -98000 1 0.444337 0 0 0 0 0 0 1.36819 98.6318 
-10000 -98000 1 0.445606 0 0 0 0 0 0 1.3837 98.6163 
-9000 -98000 1 0.44676 0 0 0 0 0 0 1.39788 98.6021 
-8000 -98000 1 0.447797 0 0 0 0 0 0 1.4107 98.5893 
-7000 -98000 1 0.448715 0 0 0 0 0 0 1.4221 98.5779 
-6000 -98000 1 0.449515 0 0 0 0 0 0 1.43206 98.5679 
-5000 -98000 1 0.450193 0 0 0 0 0 0 1.44054 98.5595 
-4000 -98000 1 0.45075 0 0 0 0 0 0 1.44752 98.5525 
-3000 -98000 1 0.451185 0 0 0 0 0 0 1.45298 98.547 
-2000 -98000 1 0.451497 0 0 0 0 0 0 1.45689 98.5431 
-1000 -98000 1 0.451685 0 0 0 0 0 0 1.45925 98.5408 
0 -98000 1 0.45175 0 0 0 0 0 0 1.46005 98.54 
1000 -98000 1 0.451691 0 0 0 0 0 0 1.45928 98.5407 
2000 -98000 1 0.451508 0 0 0 0 0 0 1.45695 98.5431 
3000 -98000 1 0.451203 0 0 0 0 0 0 1.45307 98.5469 
4000 -98000 1 0.450774 0 0 0 0 0 0 1.44764 98.5524 
5000 -98000 1 0.450222 0 0 0 0 0 0 1.44069 98.5593 
6000 -98000 1 0.44955 0 0 0 0 0 0 1.43224 98.5678 
7000 -98000 1 0.448756 0 0 0 0 0 0 1.4223 98.5777 
8000 -98000 1 0.447843 0 0 0 0 0 0 1.41093 98.5891 
9000 -98000 1 0.446812 0 0 0 0 0 0 1.39814 98.6019 
10000 -98000 1 0.445664 0 0 0 0 0 0 1.38398 98.616 
11000 -98000 1 0.4444 0 0 0 0 0 0 1.36849 98.6315 
12000 -98000 1 0.443023 0 0 0 0 0 0 1.35173 98.6483 
13000 -98000 1 0.441534 0 0 0 0 0 0 1.33373 98.6663 
14000 -98000 1 0.439935 0 0 0 0 0 0 1.31455 98.6854 
15000 -98000 1 0.438228 0 0 0 0 0 0 1.29426 98.7057 
16000 -98000 1 0.436415 0 0 0 0 0 0 1.27291 98.7271 
17000 -98000 1 0.4345 0 0 0 0 0 0 1.25056 98.7494 
18000 -98000 1 0.432483 0 0 0 0 0 0 1.22727 98.7727 
19000 -98000 1 0.430368 0 0 0 0 0 0 1.20312 98.7969 
20000 -98000 1 0.428158 0 0 0 0 0 0 1.17817 98.8218 
21000 -98000 1 0.425854 0 0 0 0 0 0 1.15249 98.8475 
22000 -98000 1 0.42346 0 0 0 0 0 0 1.12615 98.8738 
23000 -98000 1 0.420978 0 0 0 0 0 0 1.09922 98.9008 
24000 -98000 1 0.418412 0 0 0 0 0 0 1.07177 98.9282 
25000 -98000 1 0.415764 0 0 0 0 0 0 1.04388 98.9561 
26000 -98000 1 0.413037 0 0 0 0 0 0 1.0156 98.9844 
27000 -98000 1 0.410234 0 0 0 0 0 0 0.987022 99.013 
28000 -98000 1 0.407358 0 0 0 0 0 0 0.958202 99.0418 
29000 -98000 1 0.404413 0 0 0 0 0 0 0.929213 99.0708 
30000 -98000 1 0.401401 0 0 0 0 0 0 0.90012 99.0999 
31000 -98000 1 0.398325 0 0 0 0 0 0 0.870989 99.129 
32000 -98000 1 0.395188 0 0 0 0 0 0 0.841883 99.1581 
33000 -98000 1 0.391993 0 0 0 0 0 0 0.812862 99.1871 
34000 -98000 1 0.388744 0 0 0 0 0 0 0.783986 99.216 
35000 -98000 1 0.385444 0 0 0 0 0 0 0.755312 99.2447 
36000 -98000 1 0.382094 0 0 0 0 0 0 0.726892 99.2731 
37000 -98000 1 0.378699 0 0 0 0 0 0 0.698778 99.3012 
38000 -98000 1 0.37526 0 0 0 0 0 0 0.671019 99.329 
39000 -98000 1 0.371782 0 0 0 0 0 0 0.643658 99.3563 
40000 -98000 1 0.368267 0 0 0 0 0 0 0.61674 99.3833 
41000 -98000 1 0.364717 0 0 0 0 0 0 0.590301 99.4097 
42000 -98000 1 0.361135 0 0 0 0 0 0 0.56438 99.4356 
43000 -98000 1 0.357524 0 0 0 0 0 0 0.539007 99.461 
44000 -98000 1 0.353887 0 0 0 0 0 0 0.514213 99.4858 
45000 -98000 1 0.350226 0 0 0 0 0 0 0.490025 99.51 
46000 -98000 1 0.346544 0 0 0 0 0 0 0.466464 99.5335 
47000 -98000 1 0.342843 0 0 0 0 0 0 0.443552 99.5564 
48000 -98000 1 0.339125 0 0 0 0 0 0 0.421306 99.5787 
49000 -98000 1 0.335394 0 0 0 0 0 0 0.399739 99.6003 
50000 -98000 1 0.33165 0 0 0 0 0 0 0.378863 99.6211 
51000 -98000 1 0.327896 0 0 0 0 0 0 0.358686 99.6413 
52000 -98000 1 0.324135 0 0 0 0 0 0 0.339215 99.6608 
53000 -98000 1 0.320369 0 0 0 0 0 0 0.320451 99.6795 
54000 -98000 1 0.316599 0 0 0 0 0 0 0.302397 99.6976 
55000 -98000 1 0.312827 0 0 0 0 0 0 0.285049 99.715 
56000 -98000 1 0.309056 0 0 0 0 0 0 0.268405 99.7316 
57000 -98000 1 0.305286 0 0 0 0 0 0 0.252459 99.7475 
58000 -98000 1 0.301521 0 0 0 0 0 0 0.237204 99.7628 
59000 -98000 1 0.297761 0 0 0 0 0 0 0.222628 99.7774 
60000 -98000 1 0.294009 0 0 0 0 0 0 0.208723 99.7913 
61000 -98000 1 0.290265 0 0 0 0 0 0 0.195474 99.8045 
62000 -98000 1 0.286531 0 0 0 0 0 0 0.182869 99.8171 
63000 -98000 1 0.282809 0 0 0 0 0 0 0.170892 99.8291 
64000 -98000 1 0.279101 0 0 0 0 0 0 0.159528 99.8405 
65000 -98000 1 0.275406 0 0 0 0 0 0 0.148759 99.8512 
66000 -98000 1 0.271727 0 0 0 0 0 0 0.138568 99.8614 
67000 -98000 1 0.268066 0 0 0 0 0 0 0.128937 99.8711 
68000 -98000 1 0.264422 0 0 0 0 0 0 0.119846 99.8802 
69000 -98000 1 0.260797 0 0 0 0 0 0 0.111277 99.8887 
70000 -98000 1 0.257193 0 0 0 0 0 0 0.10321 99.8968 
71000 -98000 1 0.253609 0 0 0 0 0 0 0.0956252 99.9044 
72000 -98000 1 0.250048 0 0 0 0 0 0 0.0885034 99.9115 
73000 -98000 1 0.246511 0 0 0 0 0 0 0.0818246 99.9182 
74000 -98000 1 0.242997 0 0 0 0 0 0 0.0755693 99.9244 
75000 -98000 1 0.239507 0 0 0 0 0 0 0.0697179 99.9303 
76000 -98000 1 0.236044 0 0 0 0 0 0 0.0642511 99.9357 
77000 -98000 1 0.232606 0 0 0 0 0 0 0.0591502 99.9408 
78000 -98000 1 0.229196 0 0 0 0 0 0 0.0543964 99.9456 
79000 -98000 1 0.225813 0 0 0 0 0 0 0.0499717 99.95 
80000 -98000 1 0.222458 0 0 0 0 0 0 0.0458583 99.9541 
81000 -98000 1 0.219132 0 0 0 0 0 0 0.042039 99.958 
82000 -98000 1 0.215835 0 0 0 0 0 0 0.0384971 99.9615 
83000 -98000 1 0.212568 0 0 0 0 0 0 0.0352164 99.9648 
84000 -98000 1 0.209332 0 0 0 0 0 0 0.0321813 99.9678 
85000 -98000 1 0.206125 0 0 0 0 0 0 0.0293768 99.9706 
86000 -98000 1 0.20295 0 0 0 0 0 0 0.0267885 99.9732 
87000 -98000 1 0.199807 0 0 0 0 0 0 0.0244026 99.9756 
88000 -98000 1 0.196694 0 0 0 0 0 0 0.0222058 99.9778 
89000 -98000 1 0.193614 0 0 0 0 0 0 0.0201856 99.9798 
90000 -98000 1 0.190566 0 0 0 0 0 0 0.0183299 99.9817 
91000 -98000 1 0.187551 0 0 0 0 0 0 0.0166274 99.9834 
92000 -98000 1 0.184568 0 0 0 0 0 0 0.0150673 99.9849 
93000 -98000 1 0.181618 0 0 0 0 0 0 0.0136392 99.9864 
94000 -98000 1 0.178701 0 0 0 0 0 0 0.0123336 99.9877 
95000 -98000 1 0.175818 0 0 0 0 0 0 0.0111413 99.9889 
96000 -98000 1 0.172967 0 0 0 0 0 0 0.0100538 99.9899 
97000 -98000 1 0.17015 0 0 0 0 0 0 0.009063 99.9909 
98000 -98000 1 0.167366 0 0 0 0 0 0 0.00816132 99.9918 
99000 -98000 1 0.164615 0 0 0 0 0 0 0.00734169 99.9927 
100000 -98000 1 0.161898 0 0 0 0 0 0 0.0065975 99.9934 
-100000 -97000 1 0.164397 0 0 0 0 0 0 0.00731016 99.9927 
-99000 -97000 1 0.167173 0 0 0 0 0 0 0.00813519 99.9919 
-98000 -97000 1 0.169983 0 0 0 0 0 0 0.00904392 99.991 
-97000 -97000 1 0.172828 0 0 0 0 0 0 0.0100437 99.99 
-96000 -97000 1 0.175708 0 0 0 0 0 0 0.0111423 99.9889 
-95000 -97000 1 0.178623 0 0 0 0 0 0 0.0123483 99.9877 
-94000 -97000 1 0.181572 0 0 0 0 0 0 0.0136705 99.9863 
-93000 -97000 1 0.184555 0 0 0 0 0 0 0.0151184 99.9849 
-92000 -97000 1 0.187573 0 0 0 0 0 0 0.0167023 99.9833 
-91000 -97000 1 0.190625 0 0 0 0 0 0 0.0184328 99.9816 
-90000 -97000 1 0.193711 0 0 0 0 0 0 0.0203212 99.9797 
-89000 -97000 1 0.196831 0 0 0 0 0 0 0.0223797 99.9776 
-88000 -97000 1 0.199985 0 0 0 0 0 0 0.0246209 99.9754 
-87000 -97000 1 0.203172 0 0 0 0 0 0 0.027058 99.9729 
-86000 -97000 1 0.206392 0 0 0 0 0 0 0.0297052 99.9703 
-85000 -97000 1 0.209645 0 0 0 0 0 0 0.032577 99.9674 
-84000 -97000 1 0.212931 0 0 0 0 0 0 0.0356889 99.9643 
-83000 -97000 1 0.216249 0 0 0 0 0 0 0.0390568 99.9609 
-82000 -97000 1 0.219598 0 0 0 0 0 0 0.0426975 99.9573 
-81000 -97000 1 0.222979 0 0 0 0 0 0 0.0466282 99.9534 
-80000 -97000 1 0.226391 0 0 0 0 0 0 0.050867 99.9491 
-79000 -97000 1 0.229832 0 0 0 0 0 0 0.0554324 99.9446 
-78000 -97000 1 0.233304 0 0 0 0 0 0 0.0603436 99.9397 
-77000 -97000 1 0.236805 0 0 0 0 0 0 0.0656202 99.9344 
-76000 -97000 1 0.240334 0 0 0 0 0 0 0.0712824 99.9287 
-75000 -97000 1 0.243892 0 0 0 0 0 0 0.077351 99.9226 
-74000 -97000 1 0.247476 0 0 0 0 0 0 0.0838469 99.9162 
-73000 -97000 1 0.251087 0 0 0 0 0 0 0.0907914 99.9092 
-72000 -97000 1 0.254724 0 0 0 0 0 0 0.0982063 99.9018 
-71000 -97000 1 0.258385 0 0 0 0 0 0 0.106113 99.8939 
-70000 -97000 1 0.26207 0 0 0 0 0 0 0.114534 99.8855 
-69000 -97000 1 0.265778 0 0 0 0 0 0 0.123491 99.8765 
-68000 -97000 1 0.269507 0 0 0 0 0 0 0.133006 99.867 
-67000 -97000 1 0.273258 0 0 0 0 0 0 0.143101 99.8569 
-66000 -97000 1 0.277028 0 0 0 0 0 0 0.153796 99.8462 
-65000 -97000 1 0.280817 0 0 0 0 0 0 0.165112 99.8349 
-64000 -97000 1 0.284623 0 0 0 0 0 0 0.177071 99.8229 
-63000 -97000 1 0.288445 0 0 0 0 0 0 0.189691 99.8103 
-62000 -97000 1 0.292282 0 0 0 0 0 0 0.202991 99.797 
-61000 -97000 1 0.296132 0 0 0 0 0 0 0.21699 99.783 
-60000 -97000 1 0.299993 0 0 0 0 0 0 0.231703 99.7683 
-59000 -97000 1 0.303865 0 0 0 0 0 0 0.247145 99.7529 
-58000 -97000 1 0.307746 0 0 0 0 0 0 0.263332 99.7367 
-57000 -97000 1 0.311634 0 0 0 0 0 0 0.280275 99.7197 
-56000 -97000 1 0.315527 0 0 0 0 0 0 0.297983 99.702 
-55000 -97000 1 0.319423 0 0 0 0 0 0 0.316467 99.6835 
-54000 -97000 1 0.323321 0 0 0 0 0 0 0.335732 99.6643 
-53000 -97000 1 0.327219 0 0 0 0 0 0 0.355783 99.6442 
-52000 -97000 1 0.331115 0 0 0 0 0 0 0.37662 99.6234 
-51000 -97000 1 0.335006 0 0 0 0 0 0 0.398244 99.6018 
-50000 -97000 1 0.338891 0 0 0 0 0 0 0.42065 99.5794 
-49000 -97000 1 0.342767 0 0 0 0 0 0 0.443832 99.5562 
-48000 -97000 1 0.346633 0 0 0 0 0 0 0.467781 99.5322 
-47000 -97000 1 0.350484 0 0 0 0 0 0 0.492484 99.5075 
-46000 -97000 1 0.354321 0 0 0 0 0 0 0.517925 99.4821 
-45000 -97000 1 0.358139 0 0 0 0 0 0 0.544086 99.4559 
-44000 -97000 1 0.361936 0 0 0 0 0 0 0.570943 99.4291 
-43000 -97000 1 0.36571 0 0 0 0 0 0 0.598471 99.4015 
-42000 -97000 1 0.369458 0 0 0 0 0 0 0.626641 99.3734 
-41000 -97000 1 0.373177 0 0 0 0 0 0 0.65542 99.3446 
-40000 -97000 1 0.376865 0 0 0 0 0 0 0.68477 99.3152 
-39000 -97000 1 0.380518 0 0 0 0 0 0 0.714654 99.2853 
-38000 -97000 1 0.384134 0 0 0 0 0 0 0.745025 99.255 
-37000 -97000 1 0.38771 0 0 0 0 0 0 0.775839 99.2242 
-36000 -97000 1 0.391243 0 0 0 0 0 0 0.807045 99.193 
-35000 -97000 1 0.394729 0 0 0 0 0 0 0.838589 99.1614 
-34000 -97000 1 0.398165 0 0 0 0 0 0 0.870414 99.1296 
-33000 -97000 1 0.40155 0 0 0 0 0 0 0.902461 99.0975 
-32000 -97000 1 0.404878 0 0 0 0 0 0 0.934668 99.0653 
-31000 -97000 1 0.408148 0 0 0 0 0 0 0.966968 99.033 
-30000 -97000 1 0.411355 0 0 0 0 0 0 0.999294 99.0007 
-29000 -97000 1 0.414497 0 0 0 0 0 0 1.03158 98.9684 
-28000 -97000 1 0.417571 0 0 0 0 0 0 1.06374 98.9363 
-27000 -97000 1 0.420573 0 0 0 0 0 0 1.09572 98.9043 
-26000 -97000 1 0.423499 0 0 0 0 0 0 1.12743 98.8726 
-25000 -97000 1 0.426348 0 0 0 0 0 0 1.1588 98.8412 
-24000 -97000 1 0.429115 0 0 0 0 0 0 1.18975 98.8103 
-23000 -97000 1 0.431798 0 0 0 0 0 0 1.2202 98.7798 
-22000 -97000 1 0.434394 0 0 0 0 0 0 1.25007 98.7499 
-21000 -97000 1 0.436898 0 0 0 0 0 0 1.27929 98.7207 
-20000 -97000 1 0.439309 0 0 0 0 0 0 1.30778 98.6922 
-19000 -97000 1 0.441624 0 0 0 0 0 0 1.33546 98.6645 
-18000 -97000 1 0.443839 0 0 0 0 0 0 1.36225 98.6378 
-17000 -97000 1 0.445951 0 0 0 0 0 0 1.38807 98.6119 
-16000 -97000 1 0.447959 0 0 0 0 0 0 1.41287 98.5871 
-15000 -97000 1 0.449859 0 0 0 0 0 0 1.43656 98.5634 
-14000 -97000 1 0.45165 0 0 0 0 0 0 1.45907 98.5409 
-13000 -97000 1 0.453328 0 0 0 0 0 0 1.48034 98.5197 
-12000 -97000 1 0.454891 0 0 0 0 0 0 1.50031 98.4997 
-11000 -97000 1 0.456338 0 0 0 0 0 0 1.51892 98.4811 
-10000 -97000 1 0.457666 0 0 0 0 0 0 1.53611 98.4639 
-9000 -97000 1 0.458874 0 0 0 0 0 0 1.55182 98.4482 
-8000 -97000 1 0.459959 0 0 0 0 0 0 1.56602 98.434 
-7000 -97000 1 0.460921 0 0 0 0 0 0 1.57866 98.4213 
-6000 -97000 1 0.461757 0 0 0 0 0 0 1.58969 98.4103 
-5000 -97000 1 0.462468 0 0 0 0 0 0 1.59908 98.4009 
-4000 -97000 1 0.463051 0 0 0 0 0 0 1.60682 98.3932 
-3000 -97000 1 0.463506 0 0 0 0 0 0 1.61286 98.3871 
-2000 -97000 1 0.463833 0 0 0 0 0 0 1.61719 98.3828 
-1000 -97000 1 0.46403 0 0 0 0 0 0 1.61981 98.3802 
0 -97000 1 0.464098 0 0 0 0 0 0 1.62069 98.3793 
1000 -97000 1 0.464036 0 0 0 0 0 0 1.61984 98.3802 
2000 -97000 1 0.463845 0 0 0 0 0 0 1.61726 98.3827 
3000 -97000 1 0.463524 0 0 0 0 0 0 1.61296 98.387 
4000 -97000 1 0.463075 0 0 0 0 0 0 1.60695 98.3931 
5000 -97000 1 0.462498 0 0 0 0 0 0 1.59925 98.4008 
6000 -97000 1 0.461794 0 0 0 0 0 0 1.58988 98.4101 
7000 -97000 1 0.460963 0 0 0 0 0 0 1.57888 98.4211 
8000 -97000 1 0.460007 0 0 0 0 0 0 1.56627 98.4337 
9000 -97000 1 0.458928 0 0 0 0 0 0 1.55211 98.4479 
10000 -97000 1 0.457726 0 0 0 0 0 0 1.53642 98.4636 
11000 -97000 1 0.456404 0 0 0 0 0 0 1.51926 98.4807 
12000 -97000 1 0.454963 0 0 0 0 0 0 1.50068 98.4993 
13000 -97000 1 0.453405 0 0 0 0 0 0 1.48073 98.5193 
14000 -97000 1 0.451732 0 0 0 0 0 0 1.45949 98.5405 
15000 -97000 1 0.449947 0 0 0 0 0 0 1.43699 98.563 
16000 -97000 1 0.448052 0 0 0 0 0 0 1.41333 98.5867 
17000 -97000 1 0.44605 0 0 0 0 0 0 1.38855 98.6114 
18000 -97000 1 0.443942 0 0 0 0 0 0 1.36274 98.6373 
19000 -97000 1 0.441732 0 0 0 0 0 0 1.33597 98.664 
20000 -97000 1 0.439423 0 0 0 0 0 0 1.30831 98.6917 
21000 -97000 1 0.437016 0 0 0 0 0 0 1.27984 98.7202 
22000 -97000 1 0.434517 0 0 0 0 0 0 1.25063 98.7494 
23000 -97000 1 0.431926 0 0 0 0 0 0 1.22077 98.7792 
24000 -97000 1 0.429247 0 0 0 0 0 0 1.19033 98.8097 
25000 -97000 1 0.426484 0 0 0 0 0 0 1.15939 98.8406 
26000 -97000 1 0.42364 0 0 0 0 0 0 1.12803 98.872 
27000 -97000 1 0.420717 0 0 0 0 0 0 1.09632 98.9037 
