#EAST NORTH ELEV Kg/m^2 [-4.5->-3.375) [-3.375->-2.25) [-2.25->-1.125) [-1.125->0) [0->1.125) [1.125->2.25) [2.25->3.375) [3.375->4.5) (percent)
-100000 -100000 1 0.156509 0 0 0 0 0 0 0.00532684 99.9947 
-99000 -100000 1 0.159107 0 0 0 0 0 0 0.00592784 99.9941 
-98000 -100000 1 0.161736 0 0 0 0 0 0 0.00658982 99.9934 
-97000 -100000 1 0.164397 0 0 0 0 0 0 0.00731812 99.9927 
-96000 -100000 1 0.167088 0 0 0 0 0 0 0.00811849 99.9919 
-95000 -100000 1 0.16981 0 0 0 0 0 0 0.00899705 99.991 
-94000 -100000 1 0.172563 0 0 0 0 0 0 0.00996033 99.99 
-93000 -100000 1 0.175347 0 0 0 0 0 0 0.0110153 99.989 
-92000 -100000 1 0.178161 0 0 0 0 0 0 0.0121694 99.9878 
-91000 -100000 1 0.181005 0 0 0 0 0 0 0.0134303 99.9866 
-90000 -100000 1 0.18388 0 0 0 0 0 0 0.0148066 99.9852 
-89000 -100000 1 0.186784 0 0 0 0 0 0 0.0163068 99.9837 
-88000 -100000 1 0.189718 0 0 0 0 0 0 0.0179404 99.9821 
-87000 -100000 1 0.192681 0 0 0 0 0 0 0.0197171 99.9803 
-86000 -100000 1 0.195673 0 0 0 0 0 0 0.0216471 99.9784 
-85000 -100000 1 0.198694 0 0 0 0 0 0 0.0237413 99.9763 
-84000 -100000 1 0.201743 0 0 0 0 0 0 0.0260109 99.974 
-83000 -100000 1 0.20482 0 0 0 0 0 0 0.0284677 99.9715 
-82000 -100000 1 0.207925 0 0 0 0 0 0 0.031124 99.9689 
-81000 -100000 1 0.211057 0 0 0 0 0 0 0.0339925 99.966 
-80000 -100000 1 0.214215 0 0 0 0 0 0 0.0370866 99.9629 
-79000 -100000 1 0.217399 0 0 0 0 0 0 0.04042 99.9596 
-78000 -100000 1 0.220608 0 0 0 0 0 0 0.0440067 99.956 
-77000 -100000 1 0.223842 0 0 0 0 0 0 0.0478616 99.9521 
-76000 -100000 1 0.2271 0 0 0 0 0 0 0.0519994 99.948 
-75000 -100000 1 0.230382 0 0 0 0 0 0 0.0564356 99.9436 
-74000 -100000 1 0.233686 0 0 0 0 0 0 0.0611859 99.9388 
-73000 -100000 1 0.237013 0 0 0 0 0 0 0.0662662 99.9337 
-72000 -100000 1 0.24036 0 0 0 0 0 0 0.0716928 99.9283 
-71000 -100000 1 0.243728 0 0 0 0 0 0 0.0774819 99.9225 
-70000 -100000 1 0.247115 0 0 0 0 0 0 0.0836502 99.9163 
-69000 -100000 1 0.25052 0 0 0 0 0 0 0.0902142 99.9098 
-68000 -100000 1 0.253943 0 0 0 0 0 0 0.0971903 99.9028 
-67000 -100000 1 0.257382 0 0 0 0 0 0 0.104595 99.8954 
-66000 -100000 1 0.260837 0 0 0 0 0 0 0.112445 99.8876 
-65000 -100000 1 0.264306 0 0 0 0 0 0 0.120756 99.8792 
-64000 -100000 1 0.267788 0 0 0 0 0 0 0.129543 99.8705 
-63000 -100000 1 0.271281 0 0 0 0 0 0 0.138822 99.8612 
-62000 -100000 1 0.274785 0 0 0 0 0 0 0.148608 99.8514 
-61000 -100000 1 0.278299 0 0 0 0 0 0 0.158914 99.8411 
-60000 -100000 1 0.28182 0 0 0 0 0 0 0.169754 99.8302 
-59000 -100000 1 0.285347 0 0 0 0 0 0 0.18114 99.8189 
-58000 -100000 1 0.28888 0 0 0 0 0 0 0.193083 99.8069 
-57000 -100000 1 0.292415 0 0 0 0 0 0 0.205593 99.7944 
-56000 -100000 1 0.295953 0 0 0 0 0 0 0.21868 99.7813 
-55000 -100000 1 0.29949 0 0 0 0 0 0 0.232351 99.7676 
-54000 -100000 1 0.303026 0 0 0 0 0 0 0.246611 99.7534 
-53000 -100000 1 0.306558 0 0 0 0 0 0 0.261466 99.7385 
-52000 -100000 1 0.310085 0 0 0 0 0 0 0.276918 99.7231 
-51000 -100000 1 0.313605 0 0 0 0 0 0 0.292967 99.707 
-50000 -100000 1 0.317116 0 0 0 0 0 0 0.309613 99.6904 
-49000 -100000 1 0.320616 0 0 0 0 0 0 0.326852 99.6731 
-48000 -100000 1 0.324103 0 0 0 0 0 0 0.344679 99.6553 
-47000 -100000 1 0.327575 0 0 0 0 0 0 0.363086 99.6369 
-46000 -100000 1 0.331029 0 0 0 0 0 0 0.382062 99.6179 
-45000 -100000 1 0.334464 0 0 0 0 0 0 0.401595 99.5984 
-44000 -100000 1 0.337877 0 0 0 0 0 0 0.421669 99.5783 
-43000 -100000 1 0.341266 0 0 0 0 0 0 0.442267 99.5577 
-42000 -100000 1 0.344628 0 0 0 0 0 0 0.463368 99.5366 
-41000 -100000 1 0.347962 0 0 0 0 0 0 0.484948 99.5151 
-40000 -100000 1 0.351265 0 0 0 0 0 0 0.506982 99.493 
-39000 -100000 1 0.354533 0 0 0 0 0 0 0.529441 99.4706 
-38000 -100000 1 0.357766 0 0 0 0 0 0 0.552293 99.4477 
-37000 -100000 1 0.360959 0 0 0 0 0 0 0.575504 99.4245 
-36000 -100000 1 0.364111 0 0 0 0 0 0 0.599036 99.401 
-35000 -100000 1 0.367219 0 0 0 0 0 0 0.622851 99.3771 
-34000 -100000 1 0.370281 0 0 0 0 0 0 0.646906 99.3531 
-33000 -100000 1 0.373293 0 0 0 0 0 0 0.671156 99.3288 
-32000 -100000 1 0.376253 0 0 0 0 0 0 0.695554 99.3044 
-31000 -100000 1 0.379158 0 0 0 0 0 0 0.720051 99.2799 
-30000 -100000 1 0.382005 0 0 0 0 0 0 0.744596 99.2554 
-29000 -100000 1 0.384793 0 0 0 0 0 0 0.769134 99.2309 
-28000 -100000 1 0.387517 0 0 0 0 0 0 0.793611 99.2064 
-27000 -100000 1 0.390176 0 0 0 0 0 0 0.817971 99.182 
-26000 -100000 1 0.392767 0 0 0 0 0 0 0.842154 99.1578 
-25000 -100000 1 0.395286 0 0 0 0 0 0 0.866101 99.1339 
-24000 -100000 1 0.397732 0 0 0 0 0 0 0.889753 99.1102 
-23000 -100000 1 0.400102 0 0 0 0 0 0 0.913048 99.087 
-22000 -100000 1 0.402393 0 0 0 0 0 0 0.935925 99.0641 
-21000 -100000 1 0.404602 0 0 0 0 0 0 0.958323 99.0417 
-20000 -100000 1 0.406727 0 0 0 0 0 0 0.980179 99.0198 
-19000 -100000 1 0.408766 0 0 0 0 0 0 1.00143 98.9986 
-18000 -100000 1 0.410717 0 0 0 0 0 0 1.02202 98.978 
-17000 -100000 1 0.412576 0 0 0 0 0 0 1.04189 98.9581 
-16000 -100000 1 0.414342 0 0 0 0 0 0 1.06098 98.939 
-15000 -100000 1 0.416013 0 0 0 0 0 0 1.07923 98.9208 
-14000 -100000 1 0.417586 0 0 0 0 0 0 1.09659 98.9034 
-13000 -100000 1 0.41906 0 0 0 0 0 0 1.113 98.887 
-12000 -100000 1 0.420433 0 0 0 0 0 0 1.12842 98.8716 
-11000 -100000 1 0.421703 0 0 0 0 0 0 1.1428 98.8572 
-10000 -100000 1 0.422868 0 0 0 0 0 0 1.15608 98.8439 
-9000 -100000 1 0.423927 0 0 0 0 0 0 1.16824 98.8318 
-8000 -100000 1 0.424879 0 0 0 0 0 0 1.17922 98.8208 
-7000 -100000 1 0.425722 0 0 0 0 0 0 1.189 98.811 
-6000 -100000 1 0.426455 0 0 0 0 0 0 1.19754 98.8025 
-5000 -100000 1 0.427078 0 0 0 0 0 0 1.20482 98.7952 
-4000 -100000 1 0.427589 0 0 0 0 0 0 1.21081 98.7892 
-3000 -100000 1 0.427988 0 0 0 0 0 0 1.21549 98.7845 
-2000 -100000 1 0.428274 0 0 0 0 0 0 1.21885 98.7811 
-1000 -100000 1 0.428447 0 0 0 0 0 0 1.22088 98.7791 
0 -100000 1 0.428506 0 0 0 0 0 0 1.22156 98.7784 
1000 -100000 1 0.428452 0 0 0 0 0 0 1.2209 98.7791 
2000 -100000 1 0.428285 0 0 0 0 0 0 1.2189 98.7811 
3000 -100000 1 0.428004 0 0 0 0 0 0 1.21557 98.7844 
4000 -100000 1 0.427611 0 0 0 0 0 0 1.21091 98.7891 
5000 -100000 1 0.427105 0 0 0 0 0 0 1.20495 98.7951 
6000 -100000 1 0.426488 0 0 0 0 0 0 1.19769 98.8023 
7000 -100000 1 0.42576 0 0 0 0 0 0 1.18917 98.8108 
8000 -100000 1 0.424922 0 0 0 0 0 0 1.17942 98.8206 
9000 -100000 1 0.423976 0 0 0 0 0 0 1.16845 98.8315 
10000 -100000 1 0.422922 0 0 0 0 0 0 1.15632 98.8437 
11000 -100000 1 0.421762 0 0 0 0 0 0 1.14306 98.8569 
12000 -100000 1 0.420497 0 0 0 0 0 0 1.1287 98.8713 
13000 -100000 1 0.419129 0 0 0 0 0 0 1.11331 98.8867 
14000 -100000 1 0.41766 0 0 0 0 0 0 1.09691 98.9031 
15000 -100000 1 0.416092 0 0 0 0 0 0 1.07957 98.9204 
16000 -100000 1 0.414426 0 0 0 0 0 0 1.06133 98.9387 
17000 -100000 1 0.412665 0 0 0 0 0 0 1.04226 98.9577 
18000 -100000 1 0.41081 0 0 0 0 0 0 1.02241 98.9776 
19000 -100000 1 0.408864 0 0 0 0 0 0 1.00183 98.9982 
20000 -100000 1 0.40683 0 0 0 0 0 0 0.980588 99.0194 
21000 -100000 1 0.404709 0 0 0 0 0 0 0.958743 99.0413 
22000 -100000 1 0.402504 0 0 0 0 0 0 0.936355 99.0636 
23000 -100000 1 0.400217 0 0 0 0 0 0 0.913487 99.0865 
24000 -100000 1 0.397852 0 0 0 0 0 0 0.8902 99.1098 
25000 -100000 1 0.39541 0 0 0 0 0 0 0.866554 99.1334 
26000 -100000 1 0.392894 0 0 0 0 0 0 0.842612 99.1574 
27000 -100000 1 0.390307 0 0 0 0 0 0 0.818433 99.1816 
28000 -100000 1 0.387652 0 0 0 0 0 0 0.794077 99.2059 
29000 -100000 1 0.384931 0 0 0 0 0 0 0.769602 99.2304 
30000 -100000 1 0.382147 0 0 0 0 0 0 0.745064 99.2549 
31000 -100000 1 0.379302 0 0 0 0 0 0 0.72052 99.2795 
32000 -100000 1 0.3764 0 0 0 0 0 0 0.696021 99.304 
33000 -100000 1 0.373444 0 0 0 0 0 0 0.671621 99.3284 
34000 -100000 1 0.370435 0 0 0 0 0 0 0.647368 99.3526 
35000 -100000 1 0.367376 0 0 0 0 0 0 0.62331 99.3767 
36000 -100000 1 0.364271 0 0 0 0 0 0 0.59949 99.4005 
37000 -100000 1 0.361121 0 0 0 0 0 0 0.575952 99.424 
38000 -100000 1 0.35793 0 0 0 0 0 0 0.552735 99.4473 
39000 -100000 1 0.3547 0 0 0 0 0 0 0.529876 99.4701 
40000 -100000 1 0.351433 0 0 0 0 0 0 0.50741 99.4926 
41000 -100000 1 0.348133 0 0 0 0 0 0 0.485368 99.5146 
42000 -100000 1 0.344801 0 0 0 0 0 0 0.463779 99.5362 
43000 -100000 1 0.341441 0 0 0 0 0 0 0.442669 99.5573 
44000 -100000 1 0.338054 0 0 0 0 0 0 0.422061 99.5779 
45000 -100000 1 0.334642 0 0 0 0 0 0 0.401977 99.598 
46000 -100000 1 0.331209 0 0 0 0 0 0 0.382434 99.6176 
47000 -100000 1 0.327756 0 0 0 0 0 0 0.363447 99.6366 
48000 -100000 1 0.324286 0 0 0 0 0 0 0.34503 99.655 
49000 -100000 1 0.3208 0 0 0 0 0 0 0.327192 99.6728 
50000 -100000 1 0.317301 0 0 0 0 0 0 0.309942 99.6901 
51000 -100000 1 0.313791 0 0 0 0 0 0 0.293285 99.7067 
52000 -100000 1 0.310272 0 0 0 0 0 0 0.277224 99.7228 
53000 -100000 1 0.306746 0 0 0 0 0 0 0.261761 99.7382 
54000 -100000 1 0.303214 0 0 0 0 0 0 0.246894 99.7531 
55000 -100000 1 0.299679 0 0 0 0 0 0 0.232623 99.7674 
56000 -100000 1 0.296142 0 0 0 0 0 0 0.218941 99.7811 
57000 -100000 1 0.292606 0 0 0 0 0 0 0.205843 99.7942 
58000 -100000 1 0.28907 0 0 0 0 0 0 0.193321 99.8067 
59000 -100000 1 0.285538 0 0 0 0 0 0 0.181368 99.8186 
60000 -100000 1 0.282011 0 0 0 0 0 0 0.169971 99.83 
61000 -100000 1 0.27849 0 0 0 0 0 0 0.159121 99.8409 
62000 -100000 1 0.274977 0 0 0 0 0 0 0.148805 99.8512 
63000 -100000 1 0.271473 0 0 0 0 0 0 0.139009 99.861 
64000 -100000 1 0.267979 0 0 0 0 0 0 0.129721 99.8703 
65000 -100000 1 0.264497 0 0 0 0 0 0 0.120924 99.8791 
66000 -100000 1 0.261028 0 0 0 0 0 0 0.112604 99.8874 
67000 -100000 1 0.257573 0 0 0 0 0 0 0.104745 99.8953 
68000 -100000 1 0.254133 0 0 0 0 0 0 0.0973321 99.9027 
69000 -100000 1 0.25071 0 0 0 0 0 0 0.0903478 99.9097 
70000 -100000 1 0.247304 0 0 0 0 0 0 0.0837759 99.9162 
71000 -100000 1 0.243917 0 0 0 0 0 0 0.0776001 99.9224 
72000 -100000 1 0.240548 0 0 0 0 0 0 0.0718037 99.9282 
73000 -100000 1 0.2372 0 0 0 0 0 0 0.0663703 99.9336 
74000 -100000 1 0.233873 0 0 0 0 0 0 0.0612833 99.9387 
75000 -100000 1 0.230568 0 0 0 0 0 0 0.0565268 99.9435 
76000 -100000 1 0.227286 0 0 0 0 0 0 0.0520845 99.9479 
77000 -100000 1 0.224027 0 0 0 0 0 0 0.047941 99.9521 
78000 -100000 1 0.220792 0 0 0 0 0 0 0.0440808 99.9559 
79000 -100000 1 0.217581 0 0 0 0 0 0 0.0404889 99.9595 
80000 -100000 1 0.214396 0 0 0 0 0 0 0.0371507 99.9628 
81000 -100000 1 0.211237 0 0 0 0 0 0 0.034052 99.9659 
82000 -100000 1 0.208105 0 0 0 0 0 0 0.0311792 99.9688 
83000 -100000 1 0.204999 0 0 0 0 0 0 0.0285188 99.9715 
84000 -100000 1 0.201921 0 0 0 0 0 0 0.0260582 99.9739 
85000 -100000 1 0.19887 0 0 0 0 0 0 0.023785 99.9762 
86000 -100000 1 0.195848 0 0 0 0 0 0 0.0216875 99.9783 
87000 -100000 1 0.192855 0 0 0 0 0 0 0.0197543 99.9802 
88000 -100000 1 0.18989 0 0 0 0 0 0 0.0179747 99.982 
89000 -100000 1 0.186955 0 0 0 0 0 0 0.0163383 99.9837 
90000 -100000 1 0.184049 0 0 0 0 0 0 0.0148355 99.9852 
91000 -100000 1 0.181174 0 0 0 0 0 0 0.0134569 99.9865 
92000 -100000 1 0.178328 0 0 0 0 0 0 0.0121937 99.9878 
93000 -100000 1 0.175513 0 0 0 0 0 0 0.0110376 99.989 
94000 -100000 1 0.172728 0 0 0 0 0 0 0.00998071 99.99 
95000 -100000 1 0.169973 0 0 0 0 0 0 0.00901566 99.991 
96000 -100000 1 0.16725 0 0 0 0 0 0 0.00813547 99.9919 
97000 -100000 1 0.164557 0 0 0 0 0 0 0.00733359 99.9927 
98000 -100000 1 0.161895 0 0 0 0 0 0 0.0066039 99.9934 
99000 -100000 1 0.159264 0 0 0 0 0 0 0.00594064 99.9941 
100000 -100000 1 0.156665 0 0 0 0 0 0 0.00533847 99.9947 
-100000 -99000 1 0.159107 0 0 0 0 0 0 0.00592784 99.9941 
-99000 -99000 1 0.161763 0 0 0 0 0 0 0.0065969 99.9934 
-98000 -99000 1 0.164452 0 0 0 0 0 0 0.00733388 99.9927 
-97000 -99000 1 0.167173 0 0 0 0 0 0 0.00814473 99.9919 
-96000 -99000 1 0.169925 0 0 0 0 0 0 0.00903586 99.991 
-95000 -99000 1 0.17271 0 0 0 0 0 0 0.0100141 99.99 
-94000 -99000 1 0.175527 0 0 0 0 0 0 0.0110867 99.9889 
-93000 -99000 1 0.178376 0 0 0 0 0 0 0.0122615 99.9877 
-92000 -99000 1 0.181257 0 0 0 0 0 0 0.0135466 99.9865 
-91000 -99000 1 0.184169 0 0 0 0 0 0 0.0149509 99.985 
-90000 -99000 1 0.187112 0 0 0 0 0 0 0.0164837 99.9835 
-89000 -99000 1 0.190087 0 0 0 0 0 0 0.0181546 99.9818 
-88000 -99000 1 0.193092 0 0 0 0 0 0 0.0199741 99.98 
-87000 -99000 1 0.196128 0 0 0 0 0 0 0.0219531 99.978 
-86000 -99000 1 0.199195 0 0 0 0 0 0 0.0241031 99.9759 
-85000 -99000 1 0.202291 0 0 0 0 0 0 0.0264359 99.9736 
-84000 -99000 1 0.205417 0 0 0 0 0 0 0.0289644 99.971 
-83000 -99000 1 0.208573 0 0 0 0 0 0 0.0317015 99.9683 
-82000 -99000 1 0.211757 0 0 0 0 0 0 0.034661 99.9653 
-81000 -99000 1 0.214969 0 0 0 0 0 0 0.0378572 99.9621 
-80000 -99000 1 0.21821 0 0 0 0 0 0 0.0413048 99.9587 
-79000 -99000 1 0.221477 0 0 0 0 0 0 0.0450192 99.955 
-78000 -99000 1 0.224772 0 0 0 0 0 0 0.0490163 99.951 
-77000 -99000 1 0.228093 0 0 0 0 0 0 0.0533122 99.9467 
-76000 -99000 1 0.231439 0 0 0 0 0 0 0.0579238 99.9421 
-75000 -99000 1 0.23481 0 0 0 0 0 0 0.0628682 99.9371 
-74000 -99000 1 0.238205 0 0 0 0 0 0 0.0681628 99.9318 
-73000 -99000 1 0.241623 0 0 0 0 0 0 0.0738257 99.9262 
-72000 -99000 1 0.245064 0 0 0 0 0 0 0.0798747 99.9201 
-71000 -99000 1 0.248527 0 0 0 0 0 0 0.0863283 99.9137 
-70000 -99000 1 0.25201 0 0 0 0 0 0 0.0932048 99.9068 
-69000 -99000 1 0.255514 0 0 0 0 0 0 0.100523 99.8995 
-68000 -99000 1 0.259036 0 0 0 0 0 0 0.108301 99.8917 
-67000 -99000 1 0.262576 0 0 0 0 0 0 0.116557 99.8834 
-66000 -99000 1 0.266132 0 0 0 0 0 0 0.12531 99.8747 
-65000 -99000 1 0.269704 0 0 0 0 0 0 0.134577 99.8654 
-64000 -99000 1 0.273291 0 0 0 0 0 0 0.144376 99.8556 
-63000 -99000 1 0.27689 0 0 0 0 0 0 0.154724 99.8453 
-62000 -99000 1 0.280502 0 0 0 0 0 0 0.165637 99.8344 
-61000 -99000 1 0.284124 0 0 0 0 0 0 0.177131 99.8229 
-60000 -99000 1 0.287754 0 0 0 0 0 0 0.189221 99.8108 
-59000 -99000 1 0.291393 0 0 0 0 0 0 0.20192 99.7981 
-58000 -99000 1 0.295037 0 0 0 0 0 0 0.215242 99.7848 
-57000 -99000 1 0.298686 0 0 0 0 0 0 0.229197 99.7708 
-56000 -99000 1 0.302338 0 0 0 0 0 0 0.243795 99.7562 
-55000 -99000 1 0.305991 0 0 0 0 0 0 0.259045 99.741 
-54000 -99000 1 0.309644 0 0 0 0 0 0 0.274953 99.725 
-53000 -99000 1 0.313294 0 0 0 0 0 0 0.291526 99.7085 
-52000 -99000 1 0.316939 0 0 0 0 0 0 0.308764 99.6912 
-51000 -99000 1 0.320579 0 0 0 0 0 0 0.32667 99.6733 
-50000 -99000 1 0.32421 0 0 0 0 0 0 0.345242 99.6548 
-49000 -99000 1 0.327831 0 0 0 0 0 0 0.364476 99.6355 
-48000 -99000 1 0.331439 0 0 0 0 0 0 0.384367 99.6156 
-47000 -99000 1 0.335033 0 0 0 0 0 0 0.404904 99.5951 
-46000 -99000 1 0.33861 0 0 0 0 0 0 0.426078 99.5739 
-45000 -99000 1 0.342168 0 0 0 0 0 0 0.447873 99.5521 
-44000 -99000 1 0.345705 0 0 0 0 0 0 0.470273 99.5297 
-43000 -99000 1 0.349217 0 0 0 0 0 0 0.493258 99.5067 
-42000 -99000 1 0.352704 0 0 0 0 0 0 0.516804 99.4832 
-41000 -99000 1 0.356161 0 0 0 0 0 0 0.540886 99.4591 
-40000 -99000 1 0.359588 0 0 0 0 0 0 0.565474 99.4345 
-39000 -99000 1 0.36298 0 0 0 0 0 0 0.590536 99.4095 
-38000 -99000 1 0.366336 0 0 0 0 0 0 0.616037 99.384 
-37000 -99000 1 0.369652 0 0 0 0 0 0 0.641939 99.3581 
-36000 -99000 1 0.372927 0 0 0 0 0 0 0.6682 99.3318 
-35000 -99000 1 0.376157 0 0 0 0 0 0 0.694776 99.3052 
-34000 -99000 1 0.379339 0 0 0 0 0 0 0.72162 99.2784 
-33000 -99000 1 0.38247 0 0 0 0 0 0 0.748682 99.2513 
-32000 -99000 1 0.385549 0 0 0 0 0 0 0.775909 99.2241 
-31000 -99000 1 0.388572 0 0 0 0 0 0 0.803246 99.1968 
-30000 -99000 1 0.391535 0 0 0 0 0 0 0.830637 99.1694 
-29000 -99000 1 0.394437 0 0 0 0 0 0 0.85802 99.142 
-28000 -99000 1 0.397274 0 0 0 0 0 0 0.885335 99.1147 
-27000 -99000 1 0.400044 0 0 0 0 0 0 0.912518 99.0875 
-26000 -99000 1 0.402743 0 0 0 0 0 0 0.939504 99.0605 
-25000 -99000 1 0.405369 0 0 0 0 0 0 0.966227 99.0338 
-24000 -99000 1 0.407919 0 0 0 0 0 0 0.99262 99.0074 
-23000 -99000 1 0.410389 0 0 0 0 0 0 1.01862 98.9814 
-22000 -99000 1 0.412779 0 0 0 0 0 0 1.04414 98.9559 
-21000 -99000 1 0.415084 0 0 0 0 0 0 1.06913 98.9309 
-20000 -99000 1 0.417301 0 0 0 0 0 0 1.09352 98.9065 
-19000 -99000 1 0.41943 0 0 0 0 0 0 1.11724 98.8828 
-18000 -99000 1 0.421466 0 0 0 0 0 0 1.14021 98.8598 
-17000 -99000 1 0.423407 0 0 0 0 0 0 1.16238 98.8376 
-16000 -99000 1 0.425252 0 0 0 0 0 0 1.18368 98.8163 
-15000 -99000 1 0.426997 0 0 0 0 0 0 1.20405 98.796 
-14000 -99000 1 0.428641 0 0 0 0 0 0 1.22342 98.7766 
-13000 -99000 1 0.430181 0 0 0 0 0 0 1.24173 98.7583 
-12000 -99000 1 0.431616 0 0 0 0 0 0 1.25893 98.7411 
-11000 -99000 1 0.432943 0 0 0 0 0 0 1.27497 98.725 
-10000 -99000 1 0.434161 0 0 0 0 0 0 1.28979 98.7102 
-9000 -99000 1 0.435269 0 0 0 0 0 0 1.30335 98.6966 
-8000 -99000 1 0.436264 0 0 0 0 0 0 1.31561 98.6844 
-7000 -99000 1 0.437146 0 0 0 0 0 0 1.32652 98.6735 
-6000 -99000 1 0.437913 0 0 0 0 0 0 1.33605 98.6639 
-5000 -99000 1 0.438564 0 0 0 0 0 0 1.34417 98.6558 
-4000 -99000 1 0.439098 0 0 0 0 0 0 1.35085 98.6491 
-3000 -99000 1 0.439516 0 0 0 0 0 0 1.35608 98.6439 
-2000 -99000 1 0.439815 0 0 0 0 0 0 1.35983 98.6402 
-1000 -99000 1 0.439996 0 0 0 0 0 0 1.36209 98.6379 
0 -99000 1 0.440058 0 0 0 0 0 0 1.36285 98.6372 
1000 -99000 1 0.440001 0 0 0 0 0 0 1.36211 98.6379 
2000 -99000 1 0.439826 0 0 0 0 0 0 1.35988 98.6401 
3000 -99000 1 0.439533 0 0 0 0 0 0 1.35616 98.6438 
4000 -99000 1 0.439121 0 0 0 0 0 0 1.35097 98.649 
5000 -99000 1 0.438592 0 0 0 0 0 0 1.34431 98.6557 
6000 -99000 1 0.437947 0 0 0 0 0 0 1.33622 98.6638 
7000 -99000 1 0.437185 0 0 0 0 0 0 1.32671 98.6733 
8000 -99000 1 0.436309 0 0 0 0 0 0 1.31583 98.6842 
9000 -99000 1 0.435319 0 0 0 0 0 0 1.3036 98.6964 
10000 -99000 1 0.434217 0 0 0 0 0 0 1.29006 98.7099 
11000 -99000 1 0.433004 0 0 0 0 0 0 1.27526 98.7247 
12000 -99000 1 0.431682 0 0 0 0 0 0 1.25925 98.7408 
13000 -99000 1 0.430253 0 0 0 0 0 0 1.24206 98.7579 
14000 -99000 1 0.428718 0 0 0 0 0 0 1.22377 98.7762 
15000 -99000 1 0.427079 0 0 0 0 0 0 1.20442 98.7956 
16000 -99000 1 0.425339 0 0 0 0 0 0 1.18408 98.8159 
17000 -99000 1 0.423499 0 0 0 0 0 0 1.1628 98.8372 
18000 -99000 1 0.421562 0 0 0 0 0 0 1.14064 98.8594 
19000 -99000 1 0.419531 0 0 0 0 0 0 1.11768 98.8823 
20000 -99000 1 0.417407 0 0 0 0 0 0 1.09398 98.906 
21000 -99000 1 0.415194 0 0 0 0 0 0 1.0696 98.9304 
22000 -99000 1 0.412894 0 0 0 0 0 0 1.04462 98.9554 
23000 -99000 1 0.410509 0 0 0 0 0 0 1.0191 98.9809 
24000 -99000 1 0.408042 0 0 0 0 0 0 0.993117 99.0069 
25000 -99000 1 0.405496 0 0 0 0 0 0 0.966732 99.0333 
26000 -99000 1 0.402874 0 0 0 0 0 0 0.940014 99.06 
27000 -99000 1 0.400179 0 0 0 0 0 0 0.913033 99.087 
28000 -99000 1 0.397413 0 0 0 0 0 0 0.885853 99.1141 
29000 -99000 1 0.39458 0 0 0 0 0 0 0.858541 99.1415 
30000 -99000 1 0.391681 0 0 0 0 0 0 0.831158 99.1688 
31000 -99000 1 0.388721 0 0 0 0 0 0 0.803768 99.1962 
32000 -99000 1 0.385702 0 0 0 0 0 0 0.776429 99.2236 
33000 -99000 1 0.382626 0 0 0 0 0 0 0.7492 99.2508 
34000 -99000 1 0.379497 0 0 0 0 0 0 0.722135 99.2779 
35000 -99000 1 0.376318 0 0 0 0 0 0 0.695287 99.3047 
36000 -99000 1 0.373091 0 0 0 0 0 0 0.668705 99.3313 
37000 -99000 1 0.369819 0 0 0 0 0 0 0.642438 99.3576 
38000 -99000 1 0.366505 0 0 0 0 0 0 0.616529 99.3835 
39000 -99000 1 0.363152 0 0 0 0 0 0 0.591021 99.409 
40000 -99000 1 0.359762 0 0 0 0 0 0 0.56595 99.4341 
41000 -99000 1 0.356338 0 0 0 0 0 0 0.541353 99.4586 
42000 -99000 1 0.352882 0 0 0 0 0 0 0.517262 99.4827 
43000 -99000 1 0.349398 0 0 0 0 0 0 0.493705 99.5063 
44000 -99000 1 0.345887 0 0 0 0 0 0 0.47071 99.5293 
45000 -99000 1 0.342352 0 0 0 0 0 0 0.448299 99.5517 
46000 -99000 1 0.338795 0 0 0 0 0 0 0.426492 99.5735 
47000 -99000 1 0.33522 0 0 0 0 0 0 0.405307 99.5947 
48000 -99000 1 0.331627 0 0 0 0 0 0 0.384757 99.6152 
49000 -99000 1 0.32802 0 0 0 0 0 0 0.364855 99.6351 
50000 -99000 1 0.3244 0 0 0 0 0 0 0.345608 99.6544 
51000 -99000 1 0.32077 0 0 0 0 0 0 0.327024 99.673 
52000 -99000 1 0.317132 0 0 0 0 0 0 0.309105 99.6909 
53000 -99000 1 0.313487 0 0 0 0 0 0 0.291854 99.7081 
54000 -99000 1 0.309838 0 0 0 0 0 0 0.275269 99.7247 
55000 -99000 1 0.306186 0 0 0 0 0 0 0.259348 99.7407 
56000 -99000 1 0.302533 0 0 0 0 0 0 0.244085 99.7559 
57000 -99000 1 0.298882 0 0 0 0 0 0 0.229475 99.7705 
58000 -99000 1 0.295233 0 0 0 0 0 0 0.215508 99.7845 
59000 -99000 1 0.291589 0 0 0 0 0 0 0.202174 99.7978 
60000 -99000 1 0.287951 0 0 0 0 0 0 0.189463 99.8105 
61000 -99000 1 0.28432 0 0 0 0 0 0 0.177362 99.8226 
62000 -99000 1 0.280698 0 0 0 0 0 0 0.165856 99.8341 
63000 -99000 1 0.277087 0 0 0 0 0 0 0.154932 99.8451 
64000 -99000 1 0.273487 0 0 0 0 0 0 0.144574 99.8554 
65000 -99000 1 0.2699 0 0 0 0 0 0 0.134764 99.8652 
66000 -99000 1 0.266328 0 0 0 0 0 0 0.125487 99.8745 
67000 -99000 1 0.262771 0 0 0 0 0 0 0.116724 99.8833 
68000 -99000 1 0.259231 0 0 0 0 0 0 0.108459 99.8915 
69000 -99000 1 0.255708 0 0 0 0 0 0 0.100672 99.8993 
70000 -99000 1 0.252204 0 0 0 0 0 0 0.0933448 99.9067 
71000 -99000 1 0.24872 0 0 0 0 0 0 0.0864599 99.9135 
72000 -99000 1 0.245257 0 0 0 0 0 0 0.0799982 99.92 
73000 -99000 1 0.241815 0 0 0 0 0 0 0.0739415 99.9261 
74000 -99000 1 0.238396 0 0 0 0 0 0 0.0682713 99.9317 
75000 -99000 1 0.235 0 0 0 0 0 0 0.0629696 99.937 
76000 -99000 1 0.231628 0 0 0 0 0 0 0.0580186 99.942 
77000 -99000 1 0.228281 0 0 0 0 0 0 0.0534006 99.9466 
78000 -99000 1 0.22496 0 0 0 0 0 0 0.0490987 99.9509 
79000 -99000 1 0.221664 0 0 0 0 0 0 0.0450959 99.9549 
80000 -99000 1 0.218396 0 0 0 0 0 0 0.0413761 99.9586 
81000 -99000 1 0.215154 0 0 0 0 0 0 0.0379234 99.9621 
82000 -99000 1 0.21194 0 0 0 0 0 0 0.0347224 99.9653 
83000 -99000 1 0.208755 0 0 0 0 0 0 0.0317583 99.9682 
84000 -99000 1 0.205599 0 0 0 0 0 0 0.029017 99.971 
85000 -99000 1 0.202471 0 0 0 0 0 0 0.0264846 99.9735 
86000 -99000 1 0.199374 0 0 0 0 0 0 0.0241479 99.9759 
87000 -99000 1 0.196306 0 0 0 0 0 0 0.0219945 99.978 
88000 -99000 1 0.193268 0 0 0 0 0 0 0.0200122 99.98 
89000 -99000 1 0.190262 0 0 0 0 0 0 0.0181896 99.9818 
90000 -99000 1 0.187286 0 0 0 0 0 0 0.0165158 99.9835 
91000 -99000 1 0.184341 0 0 0 0 0 0 0.0149805 99.985 
92000 -99000 1 0.181427 0 0 0 0 0 0 0.0135737 99.9864 
93000 -99000 1 0.178545 0 0 0 0 0 0 0.0122862 99.9877 
94000 -99000 1 0.175695 0 0 0 0 0 0 0.0111094 99.9889 
95000 -99000 1 0.172877 0 0 0 0 0 0 0.0100348 99.99 
96000 -99000 1 0.17009 0 0 0 0 0 0 0.00905474 99.9909 
97000 -99000 1 0.167336 0 0 0 0 0 0 0.00816194 99.9918 
98000 -99000 1 0.164614 0 0 0 0 0 0 0.00734954 99.9927 
99000 -99000 1 0.161924 0 0 0 0 0 0 0.00661114 99.9934 
100000 -99000 1 0.159266 0 0 0 0 0 0 0.00594077 99.9941 
-100000 -98000 1 0.161736 0 0 0 0 0 0 0.00658982 99.9934 
-99000 -98000 1 0.164452 0 0 0 0 0 0 0.00733388 99.9927 
-98000 -98000 1 0.167201 0 0 0 0 0 0 0.0081535 99.9918 
-97000 -98000 1 0.169983 0 0 0 0 0 0 0.00905532 99.9909 
-96000 -98000 1 0.172799 0 0 0 0 0 0 0.0100465 99.99 
-95000 -98000 1 0.175648 0 0 0 0 0 0 0.0111346 99.9889 
-94000 -98000 1 0.17853 0 0 0 0 0 0 0.0123277 99.9877 
-93000 -98000 1 0.181446 0 0 0 0 0 0 0.0136345 99.9864 
-92000 -98000 1 0.184394 0 0 0 0 0 0 0.0150642 99.9849 
-91000 -98000 1 0.187375 0 0 0 0 0 0 0.0166265 99.9834 
-90000 -98000 1 0.190389 0 0 0 0 0 0 0.0183318 99.9817 
-89000 -98000 1 0.193436 0 0 0 0 0 0 0.0201909 99.9798 
-88000 -98000 1 0.196515 0 0 0 0 0 0 0.0222154 99.9778 
-87000 -98000 1 0.199625 0 0 0 0 0 0 0.0244175 99.9756 
-86000 -98000 1 0.202768 0 0 0 0 0 0 0.0268099 99.9732 
-85000 -98000 1 0.205942 0 0 0 0 0 0 0.0294061 99.9706 
-84000 -98000 1 0.209146 0 0 0 0 0 0 0.03222 99.9678 
-83000 -98000 1 0.212382 0 0 0 0 0 0 0.0352662 99.9647 
-82000 -98000 1 0.215648 0 0 0 0 0 0 0.0385602 99.9614 
-81000 -98000 1 0.218943 0 0 0 0 0 0 0.0421178 99.9579 
-80000 -98000 1 0.222268 0 0 0 0 0 0 0.0459554 99.954 
-79000 -98000 1 0.225622 0 0 0 0 0 0 0.0500903 99.9499 
-78000 -98000 1 0.229004 0 0 0 0 0 0 0.0545399 99.9455 
-77000 -98000 1 0.232414 0 0 0 0 0 0 0.0593226 99.9407 
-76000 -98000 1 0.23585 0 0 0 0 0 0 0.0644569 99.9355 
-75000 -98000 1 0.239313 0 0 0 0 0 0 0.069962 99.93 
-74000 -98000 1 0.242802 0 0 0 0 0 0 0.0758574 99.9241 
-73000 -98000 1 0.246315 0 0 0 0 0 0 0.082163 99.9178 
-72000 -98000 1 0.249852 0 0 0 0 0 0 0.0888991 99.9111 
-71000 -98000 1 0.253413 0 0 0 0 0 0 0.0960859 99.9039 
-70000 -98000 1 0.256996 0 0 0 0 0 0 0.103744 99.8963 
-69000 -98000 1 0.2606 0 0 0 0 0 0 0.111894 99.8881 
-68000 -98000 1 0.264224 0 0 0 0 0 0 0.120557 99.8794 
-67000 -98000 1 0.267868 0 0 0 0 0 0 0.129753 99.8702 
-66000 -98000 1 0.27153 0 0 0 0 0 0 0.139503 99.8605 
-65000 -98000 1 0.275209 0 0 0 0 0 0 0.149826 99.8502 
-64000 -98000 1 0.278903 0 0 0 0 0 0 0.160742 99.8393 
-63000 -98000 1 0.282613 0 0 0 0 0 0 0.17227 99.8277 
-62000 -98000 1 0.286335 0 0 0 0 0 0 0.184428 99.8156 
-61000 -98000 1 0.290069 0 0 0 0 0 0 0.197234 99.8028 
-60000 -98000 1 0.293814 0 0 0 0 0 0 0.210704 99.7893 
-59000 -98000 1 0.297568 0 0 0 0 0 0 0.224854 99.7751 
-58000 -98000 1 0.301329 0 0 0 0 0 0 0.239697 99.7603 
-57000 -98000 1 0.305095 0 0 0 0 0 0 0.255247 99.7448 
-56000 -98000 1 0.308866 0 0 0 0 0 0 0.271514 99.7285 
-55000 -98000 1 0.312639 0 0 0 0 0 0 0.288509 99.7115 
-54000 -98000 1 0.316413 0 0 0 0 0 0 0.306237 99.6938 
-53000 -98000 1 0.320185 0 0 0 0 0 0 0.324706 99.6753 
-52000 -98000 1 0.323954 0 0 0 0 0 0 0.343918 99.6561 
-51000 -98000 1 0.327718 0 0 0 0 0 0 0.363874 99.6361 
-50000 -98000 1 0.331475 0 0 0 0 0 0 0.384573 99.6154 
-49000 -98000 1 0.335222 0 0 0 0 0 0 0.406011 99.594 
-48000 -98000 1 0.338957 0 0 0 0 0 0 0.42818 99.5718 
-47000 -98000 1 0.342679 0 0 0 0 0 0 0.451072 99.5489 
-46000 -98000 1 0.346384 0 0 0 0 0 0 0.474672 99.5253 
-45000 -98000 1 0.350071 0 0 0 0 0 0 0.498966 99.501 
-44000 -98000 1 0.353737 0 0 0 0 0 0 0.523935 99.4761 
-43000 -98000 1 0.357379 0 0 0 0 0 0 0.549555 99.4504 
-42000 -98000 1 0.360996 0 0 0 0 0 0 0.575801 99.4242 
-41000 -98000 1 0.364583 0 0 0 0 0 0 0.602645 99.3974 
-40000 -98000 1 0.368139 0 0 0 0 0 0 0.630054 99.3699 
-39000 -98000 1 0.371662 0 0 0 0 0 0 0.657991 99.342 
-38000 -98000 1 0.375147 0 0 0 0 0 0 0.686417 99.3136 
-37000 -98000 1 0.378593 0 0 0 0 0 0 0.715291 99.2847 
-36000 -98000 1 0.381996 0 0 0 0 0 0 0.744564 99.2554 
-35000 -98000 1 0.385354 0 0 0 0 0 0 0.774189 99.2258 
-34000 -98000 1 0.388663 0 0 0 0 0 0 0.804113 99.1959 
-33000 -98000 1 0.391921 0 0 0 0 0 0 0.834279 99.1657 
-32000 -98000 1 0.395125 0 0 0 0 0 0 0.864629 99.1354 
-31000 -98000 1 0.398272 0 0 0 0 0 0 0.895102 99.1049 
-30000 -98000 1 0.401358 0 0 0 0 0 0 0.925634 99.0744 
-29000 -98000 1 0.404381 0 0 0 0 0 0 0.956158 99.0438 
-28000 -98000 1 0.407337 0 0 0 0 0 0 0.986605 99.0134 
-27000 -98000 1 0.410223 0 0 0 0 0 0 1.0169 98.9831 
-26000 -98000 1 0.413037 0 0 0 0 0 0 1.04698 98.953 
-25000 -98000 1 0.415776 0 0 0 0 0 0 1.07677 98.9232 
-24000 -98000 1 0.418436 0 0 0 0 0 0 1.10619 98.8938 
-23000 -98000 1 0.421014 0 0 0 0 0 0 1.13516 98.8648 
-22000 -98000 1 0.423508 0 0 0 0 0 0 1.16361 98.8364 
-21000 -98000 1 0.425914 0 0 0 0 0 0 1.19147 98.8085 
-20000 -98000 1 0.42823 0 0 0 0 0 0 1.21865 98.7813 
-19000 -98000 1 0.430453 0 0 0 0 0 0 1.24508 98.7549 
-18000 -98000 1 0.43258 0 0 0 0 0 0 1.27069 98.7293 
-17000 -98000 1 0.434609 0 0 0 0 0 0 1.2954 98.7046 
-16000 -98000 1 0.436537 0 0 0 0 0 0 1.31913 98.6809 
-15000 -98000 1 0.438361 0 0 0 0 0 0 1.34183 98.6582 
-14000 -98000 1 0.44008 0 0 0 0 0 0 1.36341 98.6366 
-13000 -98000 1 0.441691 0 0 0 0 0 0 1.38382 98.6162 
-12000 -98000 1 0.443192 0 0 0 0 0 0 1.40299 98.597 
-11000 -98000 1 0.44458 0 0 0 0 0 0 1.42087 98.5791 
-10000 -98000 1 0.445855 0 0 0 0 0 0 1.43738 98.5626 
-9000 -98000 1 0.447014 0 0 0 0 0 0 1.4525 98.5475 
-8000 -98000 1 0.448055 0 0 0 0 0 0 1.46615 98.5338 
-7000 -98000 1 0.448978 0 0 0 0 0 0 1.47831 98.5217 
-6000 -98000 1 0.449781 0 0 0 0 0 0 1.48893 98.5111 
-5000 -98000 1 0.450463 0 0 0 0 0 0 1.49798 98.502 
-4000 -98000 1 0.451022 0 0 0 0 0 0 1.50543 98.4946 
-3000 -98000 1 0.451459 0 0 0 0 0 0 1.51125 98.4888 
-2000 -98000 1 0.451772 0 0 0 0 0 0 1.51543 98.4846 
-1000 -98000 1 0.451962 0 0 0 0 0 0 1.51794 98.4821 
0 -98000 1 0.452027 0 0 0 0 0 0 1.51879 98.4812 
1000 -98000 1 0.451967 0 0 0 0 0 0 1.51797 98.482 
2000 -98000 1 0.451784 0 0 0 0 0 0 1.51549 98.4845 
3000 -98000 1 0.451477 0 0 0 0 0 0 1.51134 98.4887 
4000 -98000 1 0.451046 0 0 0 0 0 0 1.50555 98.4944 
5000 -98000 1 0.450492 0 0 0 0 0 0 1.49814 98.5019 
6000 -98000 1 0.449816 0 0 0 0 0 0 1.48912 98.5109 
7000 -98000 1 0.449019 0 0 0 0 0 0 1.47853 98.5215 
8000 -98000 1 0.448102 0 0 0 0 0 0 1.4664 98.5336 
9000 -98000 1 0.447066 0 0 0 0 0 0 1.45277 98.5472 
10000 -98000 1 0.445913 0 0 0 0 0 0 1.43768 98.5623 
11000 -98000 1 0.444644 0 0 0 0 0 0 1.42119 98.5788 
12000 -98000 1 0.443261 0 0 0 0 0 0 1.40334 98.5967 
13000 -98000 1 0.441765 0 0 0 0 0 0 1.3842 98.6158 
14000 -98000 1 0.44016 0 0 0 0 0 0 1.36381 98.6362 
15000 -98000 1 0.438446 0 0 0 0 0 0 1.34225 98.6578 
16000 -98000 1 0.436627 0 0 0 0 0 0 1.31957 98.6804 
17000 -98000 1 0.434704 0 0 0 0 0 0 1.29586 98.7041 
18000 -98000 1 0.43268 0 0 0 0 0 0 1.27116 98.7288 
19000 -98000 1 0.430558 0 0 0 0 0 0 1.24557 98.7544 
20000 -98000 1 0.42834 0 0 0 0 0 0 1.21916 98.7808 
21000 -98000 1 0.426028 0 0 0 0 0 0 1.19199 98.808 
22000 -98000 1 0.423627 0 0 0 0 0 0 1.16415 98.8359 
23000 -98000 1 0.421137 0 0 0 0 0 0 1.13571 98.8643 
24000 -98000 1 0.418563 0 0 0 0 0 0 1.10674 98.8933 
25000 -98000 1 0.415908 0 0 0 0 0 0 1.07733 98.9227 
26000 -98000 1 0.413173 0 0 0 0 0 0 1.04755 98.9524 
27000 -98000 1 0.410363 0 0 0 0 0 0 1.01748 98.9825 
28000 -98000 1 0.40748 0 0 0 0 0 0 0.987181 99.0128 
29000 -98000 1 0.404528 0 0 0 0 0 0 0.956737 99.0433 
30000 -98000 1 0.401509 0 0 0 0 0 0 0.926214 99.0738 
31000 -98000 1 0.398426 0 0 0 0 0 0 0.895682 99.1043 
32000 -98000 1 0.395283 0 0 0 0 0 0 0.865208 99.1348 
33000 -98000 1 0.392082 0 0 0 0 0 0 0.834855 99.1651 
34000 -98000 1 0.388827 0 0 0 0 0 0 0.804685 99.1953 
35000 -98000 1 0.385521 0 0 0 0 0 0 0.774757 99.2252 
36000 -98000 1 0.382166 0 0 0 0 0 0 0.745127 99.2549 
37000 -98000 1 0.378765 0 0 0 0 0 0 0.715846 99.2842 
38000 -98000 1 0.375322 0 0 0 0 0 0 0.686965 99.313 
39000 -98000 1 0.371839 0 0 0 0 0 0 0.65853 99.3415 
40000 -98000 1 0.368319 0 0 0 0 0 0 0.630584 99.3694 
41000 -98000 1 0.364765 0 0 0 0 0 0 0.603165 99.3968 
42000 -98000 1 0.361179 0 0 0 0 0 0 0.576311 99.4237 
43000 -98000 1 0.357565 0 0 0 0 0 0 0.550053 99.4499 
44000 -98000 1 0.353924 0 0 0 0 0 0 0.524421 99.4756 
45000 -98000 1 0.35026 0 0 0 0 0 0 0.49944 99.5006 
46000 -98000 1 0.346575 0 0 0 0 0 0 0.475133 99.5249 
47000 -98000 1 0.342871 0 0 0 0 0 0 0.45152 99.5485 
48000 -98000 1 0.339151 0 0 0 0 0 0 0.428615 99.5714 
49000 -98000 1 0.335416 0 0 0 0 0 0 0.406432 99.5936 
50000 -98000 1 0.331671 0 0 0 0 0 0 0.38498 99.615 
51000 -98000 1 0.327915 0 0 0 0 0 0 0.364267 99.6357 
52000 -98000 1 0.324152 0 0 0 0 0 0 0.344297 99.6557 
53000 -98000 1 0.320384 0 0 0 0 0 0 0.325071 99.6749 
54000 -98000 1 0.316612 0 0 0 0 0 0 0.306588 99.6934 
55000 -98000 1 0.312839 0 0 0 0 0 0 0.288846 99.7112 
56000 -98000 1 0.309066 0 0 0 0 0 0 0.271838 99.7282 
57000 -98000 1 0.305296 0 0 0 0 0 0 0.255557 99.7444 
58000 -98000 1 0.30153 0 0 0 0 0 0 0.239993 99.76 
59000 -98000 1 0.297769 0 0 0 0 0 0 0.225137 99.7749 
60000 -98000 1 0.294015 0 0 0 0 0 0 0.210974 99.789 
61000 -98000 1 0.290271 0 0 0 0 0 0 0.197491 99.8025 
62000 -98000 1 0.286537 0 0 0 0 0 0 0.184672 99.8153 
63000 -98000 1 0.282814 0 0 0 0 0 0 0.172502 99.8275 
64000 -98000 1 0.279105 0 0 0 0 0 0 0.160962 99.839 
65000 -98000 1 0.27541 0 0 0 0 0 0 0.150034 99.85 
66000 -98000 1 0.271731 0 0 0 0 0 0 0.1397 99.8603 
67000 -98000 1 0.268068 0 0 0 0 0 0 0.12994 99.8701 
68000 -98000 1 0.264424 0 0 0 0 0 0 0.120733 99.8793 
69000 -98000 1 0.260799 0 0 0 0 0 0 0.11206 99.8879 
70000 -98000 1 0.257194 0 0 0 0 0 0 0.1039 99.8961 
71000 -98000 1 0.253611 0 0 0 0 0 0 0.0962323 99.9038 
72000 -98000 1 0.25005 0 0 0 0 0 0 0.0890365 99.911 
73000 -98000 1 0.246512 0 0 0 0 0 0 0.0822919 99.9177 
74000 -98000 1 0.242998 0 0 0 0 0 0 0.075978 99.924 
75000 -98000 1 0.239508 0 0 0 0 0 0 0.0700748 99.9299 
76000 -98000 1 0.236044 0 0 0 0 0 0 0.0645623 99.9354 
77000 -98000 1 0.232607 0 0 0 0 0 0 0.0594209 99.9406 
78000 -98000 1 0.229196 0 0 0 0 0 0 0.0546316 99.9454 
79000 -98000 1 0.225813 0 0 0 0 0 0 0.0501756 99.9498 
80000 -98000 1 0.222458 0 0 0 0 0 0 0.0460347 99.954 
81000 -98000 1 0.219132 0 0 0 0 0 0 0.0421914 99.9578 
82000 -98000 1 0.215836 0 0 0 0 0 0 0.0386285 99.9614 
83000 -98000 1 0.212569 0 0 0 0 0 0 0.0353295 99.9647 
84000 -98000 1 0.209332 0 0 0 0 0 0 0.0322785 99.9677 
85000 -98000 1 0.206126 0 0 0 0 0 0 0.0294601 99.9705 
86000 -98000 1 0.20295 0 0 0 0 0 0 0.0268598 99.9731 
87000 -98000 1 0.199807 0 0 0 0 0 0 0.0244635 99.9755 
88000 -98000 1 0.196695 0 0 0 0 0 0 0.0222578 99.9777 
89000 -98000 1 0.193614 0 0 0 0 0 0 0.0202298 99.9798 
90000 -98000 1 0.190567 0 0 0 0 0 0 0.0183675 99.9816 
91000 -98000 1 0.187551 0 0 0 0 0 0 0.0166593 99.9833 
92000 -98000 1 0.184568 0 0 0 0 0 0 0.0150943 99.9849 
93000 -98000 1 0.181618 0 0 0 0 0 0 0.013662 99.9863 
94000 -98000 1 0.178701 0 0 0 0 0 0 0.0123529 99.9876 
95000 -98000 1 0.175818 0 0 0 0 0 0 0.0111576 99.9888 
96000 -98000 1 0.172967 0 0 0 0 0 0 0.0100675 99.9899 
97000 -98000 1 0.17015 0 0 0 0 0 0 0.00907445 99.9909 
98000 -98000 1 0.167366 0 0 0 0 0 0 0.0081709 99.9918 
99000 -98000 1 0.164615 0 0 0 0 0 0 0.0073497 99.9927 
100000 -98000 1 0.161898 0 0 0 0 0 0 0.00660419 99.9934 
-100000 -97000 1 0.164397 0 0 0 0 0 0 0.00731812 99.9927 
-99000 -97000 1 0.167173 0 0 0 0 0 0 0.00814473 99.9919 
-98000 -97000 1 0.169983 0 0 0 0 0 0 0.00905532 99.9909 
-97000 -97000 1 0.172828 0 0 0 0 0 0 0.0100573 99.9899 
-96000 -97000 1 0.175708 0 0 0 0 0 0 0.0111586 99.9888 
-95000 -97000 1 0.178623 0 0 0 0 0 0 0.0123676 99.9876 
-94000 -97000 1 0.181572 0 0 0 0 0 0 0.0136934 99.9863 
-93000 -97000 1 0.184555 0 0 0 0 0 0 0.0151456 99.9849 
-92000 -97000 1 0.187573 0 0 0 0 0 0 0.0167344 99.9833 
-91000 -97000 1 0.190625 0 0 0 0 0 0 0.0184707 99.9815 
-90000 -97000 1 0.193711 0 0 0 0 0 0 0.020366 99.9796 
-89000 -97000 1 0.196831 0 0 0 0 0 0 0.0224324 99.9776 
-88000 -97000 1 0.199985 0 0 0 0 0 0 0.0246827 99.9753 
-87000 -97000 1 0.203172 0 0 0 0 0 0 0.0271306 99.9729 
-86000 -97000 1 0.206392 0 0 0 0 0 0 0.0297901 99.9702 
-85000 -97000 1 0.209645 0 0 0 0 0 0 0.0326762 99.9673 
-84000 -97000 1 0.212931 0 0 0 0 0 0 0.0358045 99.9642 
-83000 -97000 1 0.216249 0 0 0 0 0 0 0.0391915 99.9608 
-82000 -97000 1 0.219598 0 0 0 0 0 0 0.0428539 99.9571 
-81000 -97000 1 0.222979 0 0 0 0 0 0 0.0468097 99.9532 
-80000 -97000 1 0.226391 0 0 0 0 0 0 0.0510771 99.9489 
-79000 -97000 1 0.229833 0 0 0 0 0 0 0.0556752 99.9443 
-78000 -97000 1 0.233305 0 0 0 0 0 0 0.0606236 99.9394 
-77000 -97000 1 0.236806 0 0 0 0 0 0 0.0659427 99.9341 
-76000 -97000 1 0.240335 0 0 0 0 0 0 0.0716531 99.9283 
-75000 -97000 1 0.243893 0 0 0 0 0 0 0.0777762 99.9222 
-74000 -97000 1 0.247477 0 0 0 0 0 0 0.0843338 99.9157 
-73000 -97000 1 0.251089 0 0 0 0 0 0 0.091348 99.9087 
-72000 -97000 1 0.254725 0 0 0 0 0 0 0.0988414 99.9012 
-71000 -97000 1 0.258387 0 0 0 0 0 0 0.106837 99.8932 
-70000 -97000 1 0.262072 0 0 0 0 0 0 0.115357 99.8846 
-69000 -97000 1 0.26578 0 0 0 0 0 0 0.124425 99.8756 
-68000 -97000 1 0.26951 0 0 0 0 0 0 0.134063 99.8659 
-67000 -97000 1 0.273261 0 0 0 0 0 0 0.144296 99.8557 
-66000 -97000 1 0.277032 0 0 0 0 0 0 0.155145 99.8449 
-65000 -97000 1 0.280821 0 0 0 0 0 0 0.166632 99.8334 
-64000 -97000 1 0.284628 0 0 0 0 0 0 0.17878 99.8212 
-63000 -97000 1 0.28845 0 0 0 0 0 0 0.191609 99.8084 
-62000 -97000 1 0.292288 0 0 0 0 0 0 0.20514 99.7949 
-61000 -97000 1 0.296139 0 0 0 0 0 0 0.219393 99.7806 
-60000 -97000 1 0.300001 0 0 0 0 0 0 0.234385 99.7656 
-59000 -97000 1 0.303875 0 0 0 0 0 0 0.250135 99.7499 
-58000 -97000 1 0.307756 0 0 0 0 0 0 0.266657 99.7333 
-57000 -97000 1 0.311645 0 0 0 0 0 0 0.283966 99.716 
-56000 -97000 1 0.31554 0 0 0 0 0 0 0.302074 99.6979 
-55000 -97000 1 0.319438 0 0 0 0 0 0 0.320992 99.679 
-54000 -97000 1 0.323338 0 0 0 0 0 0 0.340729 99.6593 
-53000 -97000 1 0.327238 0 0 0 0 0 0 0.361289 99.6387 
-52000 -97000 1 0.331136 0 0 0 0 0 0 0.382678 99.6173 
-51000 -97000 1 0.335029 0 0 0 0 0 0 0.404896 99.5951 
-50000 -97000 1 0.338916 0 0 0 0 0 0 0.427941 99.5721 
-49000 -97000 1 0.342795 0 0 0 0 0 0 0.451809 99.5482 
-48000 -97000 1 0.346663 0 0 0 0 0 0 0.476493 99.5235 
-47000 -97000 1 0.350519 0 0 0 0 0 0 0.50198 99.498 
-46000 -97000 1 0.354358 0 0 0 0 0 0 0.528258 99.4717 
-45000 -97000 1 0.35818 0 0 0 0 0 0 0.555308 99.4447 
-44000 -97000 1 0.361981 0 0 0 0 0 0 0.58311 99.4169 
-43000 -97000 1 0.36576 0 0 0 0 0 0 0.611637 99.3884 
-42000 -97000 1 0.369512 0 0 0 0 0 0 0.640862 99.3591 
-41000 -97000 1 0.373236 0 0 0 0 0 0 0.670752 99.3292 
-40000 -97000 1 0.376929 0 0 0 0 0 0 0.701271 99.2987 
-39000 -97000 1 0.380588 0 0 0 0 0 0 0.732379 99.2676 
-38000 -97000 1 0.38421 0 0 0 0 0 0 0.764032 99.236 
-37000 -97000 1 0.387791 0 0 0 0 0 0 0.796182 99.2038 
-36000 -97000 1 0.39133 0 0 0 0 0 0 0.828778 99.1712 
-35000 -97000 1 0.394823 0 0 0 0 0 0 0.861765 99.1382 
-34000 -97000 1 0.398267 0 0 0 0 0 0 0.895084 99.1049 
-33000 -97000 1 0.401658 0 0 0 0 0 0 0.928673 99.0713 
-32000 -97000 1 0.404994 0 0 0 0 0 0 0.962466 99.0375 
-31000 -97000 1 0.408272 0 0 0 0 0 0 0.996396 99.0036 
-30000 -97000 1 0.411487 0 0 0 0 0 0 1.03039 98.9696 
-29000 -97000 1 0.414638 0 0 0 0 0 0 1.06438 98.9356 
-28000 -97000 1 0.41772 0 0 0 0 0 0 1.09828 98.9017 
-27000 -97000 1 0.420731 0 0 0 0 0 0 1.13201 98.868 
-26000 -97000 1 0.423667 0 0 0 0 0 0 1.1655 98.8345 
-25000 -97000 1 0.426524 0 0 0 0 0 0 1.19866 98.8013 
-24000 -97000 1 0.429301 0 0 0 0 0 0 1.23141 98.7686 
-23000 -97000 1 0.431993 0 0 0 0 0 0 1.26367 98.7363 
-22000 -97000 1 0.434598 0 0 0 0 0 0 1.29534 98.7047 
-21000 -97000 1 0.437112 0 0 0 0 0 0 1.32635 98.6736 
-20000 -97000 1 0.439532 0 0 0 0 0 0 1.35661 98.6434 
-19000 -97000 1 0.441856 0 0 0 0 0 0 1.38604 98.614 
-18000 -97000 1 0.44408 0 0 0 0 0 0 1.41454 98.5855 
-17000 -97000 1 0.446202 0 0 0 0 0 0 1.44205 98.558 
-16000 -97000 1 0.448219 0 0 0 0 0 0 1.46847 98.5315 
-15000 -97000 1 0.450128 0 0 0 0 0 0 1.49373 98.5063 
-14000 -97000 1 0.451926 0 0 0 0 0 0 1.51776 98.4822 
-13000 -97000 1 0.453612 0 0 0 0 0 0 1.54047 98.4595 
-12000 -97000 1 0.455183 0 0 0 0 0 0 1.56181 98.4382 
-11000 -97000 1 0.456637 0 0 0 0 0 0 1.5817 98.4183 
-10000 -97000 1 0.457972 0 0 0 0 0 0 1.60009 98.3999 
-9000 -97000 1 0.459185 0 0 0 0 0 0 1.61691 98.3831 
-8000 -97000 1 0.460276 0 0 0 0 0 0 1.63211 98.3679 
-7000 -97000 1 0.461243 0 0 0 0 0 0 1.64564 98.3544 
-6000 -97000 1 0.462084 0 0 0 0 0 0 1.65746 98.3425 
-5000 -97000 1 0.462799 0 0 0 0 0 0 1.66753 98.3325 
-4000 -97000 1 0.463385 0 0 0 0 0 0 1.67582 98.3242 
-3000 -97000 1 0.463843 0 0 0 0 0 0 1.6823 98.3177 
-2000 -97000 1 0.464171 0 0 0 0 0 0 1.68694 98.3131 
-1000 -97000 1 0.464369 0 0 0 0 0 0 1.68974 98.3103 
0 -97000 1 0.464437 0 0 0 0 0 0 1.69069 98.3093 
1000 -97000 1 0.464375 0 0 0 0 0 0 1.68978 98.3102 
2000 -97000 1 0.464183 0 0 0 0 0 0 1.68701 98.313 
3000 -97000 1 0.463861 0 0 0 0 0 0 1.6824 98.3176 
4000 -97000 1 0.463409 0 0 0 0 0 0 1.67595 98.324 
5000 -97000 1 0.462829 0 0 0 0 0 0 1.6677 98.3323 
6000 -97000 1 0.462121 0 0 0 0 0 0 1.65766 98.3423 
7000 -97000 1 0.461286 0 0 0 0 0 0 1.64587 98.3541 
8000 -97000 1 0.460325 0 0 0 0 0 0 1.63237 98.3676 
9000 -97000 1 0.45924 0 0 0 0 0 0 1.61721 98.3828 
10000 -97000 1 0.458032 0 0 0 0 0 0 1.60042 98.3996 
11000 -97000 1 0.456703 0 0 0 0 0 0 1.58206 98.4179 
12000 -97000 1 0.455255 0 0 0 0 0 0 1.5622 98.4378 
13000 -97000 1 0.453689 0 0 0 0 0 0 1.54089 98.4591 
14000 -97000 1 0.452009 0 0 0 0 0 0 1.51819 98.4818 
15000 -97000 1 0.450216 0 0 0 0 0 0 1.49419 98.5058 
16000 -97000 1 0.448312 0 0 0 0 0 0 1.46895 98.531 
17000 -97000 1 0.446301 0 0 0 0 0 0 1.44255 98.5574 
18000 -97000 1 0.444184 0 0 0 0 0 0 1.41507 98.5849 
19000 -97000 1 0.441965 0 0 0 0 0 0 1.38658 98.6134 
20000 -97000 1 0.439646 0 0 0 0 0 0 1.35718 98.6428 
21000 -97000 1 0.43723 0 0 0 0 0 0 1.32693 98.6731 
22000 -97000 1 0.434721 0 0 0 0 0 0 1.29594 98.7041 
23000 -97000 1 0.432121 0 0 0 0 0 0 1.26427 98.7357 
24000 -97000 1 0.429433 0 0 0 0 0 0 1.23203 98.768 
25000 -97000 1 0.426661 0 0 0 0 0 0 1.19928 98.8007 
26000 -97000 1 0.423807 0 0 0 0 0 0 1.16613 98.8339 
27000 -97000 1 0.420875 0 0 0 0 0 0 1.13265 98.8674 
28000 -97000 1 0.417869 0 0 0 0 0 0 1.09892 98.9011 
