#EAST NORTH ELEV Kg/m^2 [-4.5->-3.375) [-3.375->-2.25) [-2.25->-1.125) [-1.125->0) [0->1.125) [1.125->2.25) [2.25->3.375) [3.375->4.5) (percent)
-100000 -100000 1 0.156509 0 0 0 0 0 3.47721e-21 0.00532684 99.9947 
-99000 -100000 1 0.159107 0 0 0 0 0 5.89732e-21 0.00592784 99.9941 
-98000 -100000 1 0.161736 0 0 0 0 0 9.94913e-21 0.00658982 99.9934 
-97000 -100000 1 0.164397 0 0 0 0 0 1.66964e-20 0.00731812 99.9927 
-96000 -100000 1 0.167088 0 0 0 0 0 2.7872e-20 0.00811849 99.9919 
-95000 -100000 1 0.16981 0 0 0 0 0 4.62828e-20 0.00899705 99.991 
-94000 -100000 1 0.172563 0 0 0 0 0 7.64501e-20 0.00996033 99.99 
-93000 -100000 1 0.175347 0 0 0 0 0 1.25616e-19 0.0110153 99.989 
-92000 -100000 1 0.178161 0 0 0 0 0 2.05313e-19 0.0121694 99.9878 
-91000 -100000 1 0.181005 0 0 0 0 0 3.33807e-19 0.0134303 99.9866 
-90000 -100000 1 0.18388 0 0 0 0 0 5.3986e-19 0.0148066 99.9852 
-89000 -100000 1 0.186784 0 0 0 0 0 8.68508e-19 0.0163068 99.9837 
-88000 -100000 1 0.189718 0 0 0 0 0 1.38987e-18 0.0179404 99.9821 
-87000 -100000 1 0.192681 0 0 0 0 0 2.21248e-18 0.0197171 99.9803 
-86000 -100000 1 0.195673 0 0 0 0 0 3.50341e-18 0.0216471 99.9784 
-85000 -100000 1 0.198694 0 0 0 0 0 5.51834e-18 0.0237413 99.9763 
-84000 -100000 1 0.201743 0 0 0 0 0 8.64634e-18 0.0260109 99.974 
-83000 -100000 1 0.20482 0 0 0 0 0 1.3476e-17 0.0284677 99.9715 
-82000 -100000 1 0.207925 0 0 0 0 0 2.08929e-17 0.031124 99.9689 
-81000 -100000 1 0.211057 0 0 0 0 0 3.2221e-17 0.0339925 99.966 
-80000 -100000 1 0.214215 0 0 0 0 0 4.94294e-17 0.0370866 99.9629 
-79000 -100000 1 0.217399 0 0 0 0 0 7.54287e-17 0.04042 99.9596 
-78000 -100000 1 0.220608 0 0 0 0 0 1.14497e-16 0.0440067 99.956 
-77000 -100000 1 0.223842 0 0 0 0 0 1.72883e-16 0.0478616 99.9521 
-76000 -100000 1 0.2271 0 0 0 0 0 2.59668e-16 0.0519994 99.948 
-75000 -100000 1 0.230382 0 0 0 0 0 3.87961e-16 0.0564356 99.9436 
-74000 -100000 1 0.233686 0 0 0 0 4.5454e-319 5.76581e-16 0.0611859 99.9388 
-73000 -100000 1 0.237013 0 0 0 0 5.16607e-316 8.52387e-16 0.0662662 99.9337 
-72000 -100000 1 0.24036 0 0 0 0 5.30605e-313 1.25348e-15 0.0716928 99.9283 
-71000 -100000 1 0.243728 0 0 0 0 4.95434e-310 1.83358e-15 0.0774819 99.9225 
-70000 -100000 1 0.247115 0 0 0 0 4.20522e-307 2.66799e-15 0.0836502 99.9163 
-69000 -100000 1 0.25052 0 0 0 0 3.24458e-304 3.86164e-15 0.0902142 99.9098 
-68000 -100000 1 0.253943 0 0 0 0 2.2755e-301 5.55982e-15 0.0971903 99.9028 
-67000 -100000 1 0.257382 0 0 0 0 1.45054e-298 7.96254e-15 0.104595 99.8954 
-66000 -100000 1 0.260837 0 0 0 0 8.40436e-296 1.13434e-14 0.112445 99.8876 
-65000 -100000 1 0.264306 0 0 0 0 4.42575e-293 1.60744e-14 0.120756 99.8792 
-64000 -100000 1 0.267788 0 0 0 0 2.1182e-290 2.26584e-14 0.129543 99.8705 
-63000 -100000 1 0.271281 0 0 0 0 9.21375e-288 3.17703e-14 0.138822 99.8612 
-62000 -100000 1 0.274785 0 0 0 0 3.64239e-285 4.43113e-14 0.148608 99.8514 
-61000 -100000 1 0.278299 0 0 0 0 1.30861e-282 6.1476e-14 0.158914 99.8411 
-60000 -100000 1 0.28182 0 0 0 0 4.27268e-280 8.48391e-14 0.169754 99.8302 
-59000 -100000 1 0.285347 0 0 0 0 1.26781e-277 1.16462e-13 0.18114 99.8189 
-58000 -100000 1 0.28888 0 0 0 0 3.41872e-275 1.59027e-13 0.193083 99.8069 
-57000 -100000 1 0.292415 0 0 0 0 8.37775e-273 2.16001e-13 0.205593 99.7944 
-56000 -100000 1 0.295953 0 0 0 0 1.8657e-270 2.91834e-13 0.21868 99.7813 
-55000 -100000 1 0.29949 0 0 0 0 3.77575e-268 3.92205e-13 0.232351 99.7676 
-54000 -100000 1 0.303026 0 0 0 0 6.94401e-266 5.24309e-13 0.246611 99.7534 
-53000 -100000 1 0.306558 0 0 0 0 1.16054e-263 6.97198e-13 0.261466 99.7385 
-52000 -100000 1 0.310085 0 0 0 0 1.76259e-261 9.2219e-13 0.276918 99.7231 
-51000 -100000 1 0.313605 0 0 0 0 2.43266e-259 1.21333e-12 0.292967 99.707 
-50000 -100000 1 0.317116 0 0 0 0 3.05105e-257 1.58793e-12 0.309613 99.6904 
-49000 -100000 1 0.320616 0 0 0 0 3.47742e-255 2.06718e-12 0.326852 99.6731 
-48000 -100000 1 0.324103 0 0 0 0 3.60164e-253 2.67682e-12 0.344679 99.6553 
-47000 -100000 1 0.327575 0 0 0 0 3.38985e-251 3.44788e-12 0.363086 99.6369 
-46000 -100000 1 0.331029 0 0 0 0 2.89933e-249 4.41751e-12 0.382062 99.6179 
-45000 -100000 1 0.334464 0 0 0 0 2.25346e-247 5.62983e-12 0.401595 99.5984 
-44000 -100000 1 0.337877 0 0 0 0 1.59162e-245 7.13681e-12 0.421669 99.5783 
-43000 -100000 1 0.341266 0 0 0 0 1.02156e-243 8.99921e-12 0.442267 99.5577 
-42000 -100000 1 0.344628 0 0 0 0 5.95836e-242 1.12874e-11 0.463368 99.5366 
-41000 -100000 1 0.347962 0 0 0 0 3.1581e-240 1.40824e-11 0.484948 99.5151 
-40000 -100000 1 0.351265 0 0 0 0 1.52112e-238 1.74762e-11 0.506982 99.493 
-39000 -100000 1 0.354533 0 0 0 0 6.65789e-237 2.15728e-11 0.529441 99.4706 
-38000 -100000 1 0.357766 0 0 0 0 2.64819e-235 2.64885e-11 0.552293 99.4477 
-37000 -100000 1 0.360959 0 0 0 0 9.57199e-234 3.23515e-11 0.575504 99.4245 
-36000 -100000 1 0.364111 0 0 0 2.47033e-321 3.14409e-232 3.93026e-11 0.599036 99.401 
-35000 -100000 1 0.367219 0 0 0 1.2984e-318 9.38485e-231 4.74937e-11 0.622851 99.3771 
-34000 -100000 1 0.370281 0 0 0 1.1943e-316 2.54567e-229 5.70871e-11 0.646906 99.3531 
-33000 -100000 1 0.373293 0 0 0 9.7125e-315 6.27507e-228 6.82539e-11 0.671156 99.3288 
-32000 -100000 1 0.376253 0 0 0 6.93209e-313 1.40566e-226 8.11716e-11 0.695554 99.3044 
-31000 -100000 1 0.379158 0 0 0 4.34222e-311 2.86143e-225 9.60213e-11 0.720051 99.2799 
-30000 -100000 1 0.382005 0 0 0 2.38685e-309 5.29338e-224 1.12984e-10 0.744596 99.2554 
-29000 -100000 1 0.384793 0 0 0 1.15123e-307 8.89875e-223 1.32237e-10 0.769134 99.2309 
-28000 -100000 1 0.387517 0 0 0 4.87176e-306 1.35948e-221 1.53948e-10 0.793611 99.2064 
-27000 -100000 1 0.390176 0 0 0 1.80866e-304 1.8874e-220 1.78272e-10 0.817971 99.182 
-26000 -100000 1 0.392767 0 0 0 5.8904e-303 2.38124e-219 2.05341e-10 0.842154 99.1578 
-25000 -100000 1 0.395286 0 0 0 1.68275e-301 2.73019e-218 2.35263e-10 0.866101 99.1339 
-24000 -100000 1 0.397732 0 0 0 4.21653e-300 2.84469e-217 2.68112e-10 0.889753 99.1102 
-23000 -100000 1 0.400102 0 0 0 9.26674e-299 2.69357e-216 3.03923e-10 0.913048 99.087 
-22000 -100000 1 0.402393 0 0 0 1.78613e-297 2.31779e-215 3.42686e-10 0.935925 99.0641 
-21000 -100000 1 0.404602 0 0 0 3.01923e-296 1.81249e-214 3.84338e-10 0.958323 99.0417 
-20000 -100000 1 0.406727 0 0 0 4.47565e-295 1.28804e-213 4.2876e-10 0.980179 99.0198 
-19000 -100000 1 0.408766 0 0 0 5.81807e-294 8.31842e-213 4.75773e-10 1.00143 98.9986 
-18000 -100000 1 0.410717 0 0 0 6.63206e-293 4.88212e-212 5.25133e-10 1.02202 98.978 
-17000 -100000 1 0.412576 0 0 0 6.62908e-292 2.60396e-211 5.76531e-10 1.04189 98.9581 
-16000 -100000 1 0.414342 0 0 0 5.81007e-291 1.26217e-210 6.29594e-10 1.06098 98.939 
-15000 -100000 1 0.416013 0 0 0 4.46502e-290 5.55982e-210 6.83882e-10 1.07923 98.9208 
-14000 -100000 1 0.417586 0 0 0 3.00863e-289 2.22569e-209 7.38901e-10 1.09659 98.9034 
-13000 -100000 1 0.41906 0 0 0 1.77751e-288 8.09707e-209 7.94098e-10 1.113 98.887 
-12000 -100000 1 0.420433 0 0 0 9.20751e-288 2.67703e-208 8.4888e-10 1.12842 98.8716 
-11000 -100000 1 0.421703 0 0 0 4.18173e-287 8.04342e-208 9.02613e-10 1.1428 98.8572 
-10000 -100000 1 0.422868 0 0 0 1.66512e-286 2.19629e-207 9.54641e-10 1.15608 98.8439 
-9000 -100000 1 0.423927 0 0 0 5.8131e-286 5.4501e-207 1.0043e-09 1.16824 98.8318 
-8000 -100000 1 0.424879 0 0 0 1.77925e-285 1.22908e-206 1.05091e-09 1.17922 98.8208 
-7000 -100000 1 0.425722 0 0 0 4.77454e-285 2.51897e-206 1.09384e-09 1.189 98.811 
-6000 -100000 1 0.426455 0 0 0 1.12328e-284 4.69169e-206 1.13247e-09 1.19754 98.8025 
-5000 -100000 1 0.427078 0 0 0 2.31685e-284 7.94146e-206 1.16623e-09 1.20482 98.7952 
-4000 -100000 1 0.427589 0 0 0 4.18954e-284 1.22162e-205 1.19459e-09 1.21081 98.7892 
-3000 -100000 1 0.427988 0 0 0 6.64184e-284 1.70781e-205 1.21714e-09 1.21549 98.7845 
-2000 -100000 1 0.428274 0 0 0 9.23131e-284 2.16974e-205 1.23352e-09 1.21885 98.7811 
-1000 -100000 1 0.428447 0 0 0 1.12484e-283 2.5052e-205 1.24347e-09 1.22088 98.7791 
0 -100000 1 0.428506 0 0 0 1.20162e-283 2.62871e-205 1.24682e-09 1.22156 98.7784 
1000 -100000 1 0.428452 0 0 0 1.12537e-283 2.50674e-205 1.24354e-09 1.2209 98.7791 
2000 -100000 1 0.428285 0 0 0 9.24004e-284 2.17241e-205 1.23366e-09 1.2189 98.7811 
3000 -100000 1 0.428004 0 0 0 6.65127e-284 1.71096e-205 1.21735e-09 1.21557 98.7844 
4000 -100000 1 0.427611 0 0 0 4.19747e-284 1.22463e-205 1.19487e-09 1.21091 98.7891 
5000 -100000 1 0.427105 0 0 0 2.32234e-284 7.96587e-206 1.16656e-09 1.20495 98.7951 
6000 -100000 1 0.426488 0 0 0 1.12647e-284 4.709e-206 1.13286e-09 1.19769 98.8023 
7000 -100000 1 0.42576 0 0 0 4.79037e-285 2.52982e-206 1.09428e-09 1.18917 98.8108 
8000 -100000 1 0.424922 0 0 0 1.786e-285 1.23513e-206 1.05139e-09 1.17942 98.8206 
9000 -100000 1 0.423976 0 0 0 5.83789e-286 5.48029e-207 1.00481e-09 1.16845 98.8315 
10000 -100000 1 0.422922 0 0 0 1.67301e-286 2.20982e-207 9.55186e-10 1.15632 98.8437 
11000 -100000 1 0.421762 0 0 0 4.20353e-287 8.09791e-208 9.03179e-10 1.14306 98.8569 
12000 -100000 1 0.420497 0 0 0 9.2599e-288 2.69682e-208 8.49461e-10 1.1287 98.8713 
13000 -100000 1 0.419129 0 0 0 1.78847e-288 8.16194e-209 7.94688e-10 1.11331 98.8867 
14000 -100000 1 0.41766 0 0 0 3.02861e-289 2.2449e-209 7.39491e-10 1.09691 98.9031 
15000 -100000 1 0.416092 0 0 0 4.4968e-290 5.61126e-210 6.84468e-10 1.07957 98.9204 
16000 -100000 1 0.414426 0 0 0 5.85419e-291 1.27463e-210 6.30169e-10 1.06133 98.9387 
17000 -100000 1 0.412665 0 0 0 6.68258e-292 2.63128e-211 5.77092e-10 1.04226 98.9577 
18000 -100000 1 0.41081 0 0 0 6.68875e-293 4.93638e-212 5.25674e-10 1.02241 98.9776 
19000 -100000 1 0.408864 0 0 0 5.87057e-294 8.41603e-213 4.7629e-10 1.00183 98.9982 
20000 -100000 1 0.40683 0 0 0 4.51818e-295 1.30396e-213 4.29251e-10 0.980588 99.0194 
21000 -100000 1 0.404709 0 0 0 3.04936e-296 1.83601e-214 3.848e-10 0.958743 99.0413 
22000 -100000 1 0.402504 0 0 0 1.80481e-297 2.34931e-215 3.43117e-10 0.936355 99.0636 
23000 -100000 1 0.400217 0 0 0 9.36807e-299 2.73188e-216 3.04323e-10 0.913487 99.0865 
24000 -100000 1 0.397852 0 0 0 4.26465e-300 2.88692e-217 2.6848e-10 0.8902 99.1098 
25000 -100000 1 0.39541 0 0 0 1.70276e-301 2.77243e-218 2.35599e-10 0.866554 99.1334 
26000 -100000 1 0.392894 0 0 0 5.96325e-303 2.41957e-219 2.05647e-10 0.842612 99.1574 
27000 -100000 1 0.390307 0 0 0 1.8319e-304 1.91896e-220 1.78547e-10 0.818433 99.1816 
28000 -100000 1 0.387652 0 0 0 4.93668e-306 1.38306e-221 1.54195e-10 0.794077 99.2059 
29000 -100000 1 0.384931 0 0 0 1.16713e-307 9.05868e-223 1.32457e-10 0.769602 99.2304 
30000 -100000 1 0.382147 0 0 0 2.42095e-309 5.39183e-224 1.13179e-10 0.745064 99.2549 
31000 -100000 1 0.379302 0 0 0 4.40632e-311 2.91644e-225 9.61921e-11 0.72052 99.2795 
32000 -100000 1 0.3764 0 0 0 7.03775e-313 1.43356e-226 8.13208e-11 0.696021 99.304 
33000 -100000 1 0.373444 0 0 0 9.86519e-315 6.40359e-228 6.83833e-11 0.671621 99.3284 
34000 -100000 1 0.370435 0 0 0 1.21388e-316 2.5994e-229 5.71987e-11 0.647368 99.3526 
35000 -100000 1 0.367376 0 0 0 1.30335e-318 9.58885e-231 4.75893e-11 0.62331 99.3767 
36000 -100000 1 0.364271 0 0 0 2.47033e-321 3.21441e-232 3.9384e-11 0.59949 99.4005 
37000 -100000 1 0.361121 0 0 0 0 9.7921e-234 3.24204e-11 0.575952 99.424 
38000 -100000 1 0.35793 0 0 0 0 2.71076e-235 2.65464e-11 0.552735 99.4473 
39000 -100000 1 0.3547 0 0 0 0 6.81939e-237 2.16213e-11 0.529876 99.4701 
40000 -100000 1 0.351433 0 0 0 0 1.55897e-238 1.75165e-11 0.50741 99.4926 
41000 -100000 1 0.348133 0 0 0 0 3.23869e-240 1.41157e-11 0.485368 99.5146 
42000 -100000 1 0.344801 0 0 0 0 6.11418e-242 1.13148e-11 0.463779 99.5362 
43000 -100000 1 0.341441 0 0 0 0 1.04892e-243 9.02153e-12 0.442669 99.5573 
44000 -100000 1 0.338054 0 0 0 0 1.63526e-245 7.15493e-12 0.422061 99.5779 
45000 -100000 1 0.334642 0 0 0 0 2.31667e-247 5.64445e-12 0.401977 99.598 
46000 -100000 1 0.331209 0 0 0 0 2.98249e-249 4.42925e-12 0.382434 99.6176 
47000 -100000 1 0.327756 0 0 0 0 3.48923e-251 3.45724e-12 0.363447 99.6366 
48000 -100000 1 0.324286 0 0 0 0 3.70952e-253 2.68425e-12 0.34503 99.655 
49000 -100000 1 0.3208 0 0 0 0 3.58378e-255 2.07304e-12 0.327192 99.6728 
50000 -100000 1 0.317301 0 0 0 0 3.14632e-257 1.59253e-12 0.309942 99.6901 
51000 -100000 1 0.313791 0 0 0 0 2.51016e-259 1.21691e-12 0.293285 99.7067 
52000 -100000 1 0.310272 0 0 0 0 1.81986e-261 9.24966e-13 0.277224 99.7228 
53000 -100000 1 0.306746 0 0 0 0 1.19899e-263 6.99338e-13 0.261761 99.7382 
54000 -100000 1 0.303214 0 0 0 0 7.17851e-266 5.25949e-13 0.246894 99.7531 
55000 -100000 1 0.299679 0 0 0 0 3.90567e-268 3.93456e-13 0.232623 99.7674 
56000 -100000 1 0.296142 0 0 0 0 1.93108e-270 2.92782e-13 0.218941 99.7811 
57000 -100000 1 0.292606 0 0 0 0 8.67671e-273 2.16715e-13 0.205843 99.7942 
58000 -100000 1 0.28907 0 0 0 0 3.5429e-275 1.59563e-13 0.193321 99.8067 
59000 -100000 1 0.285538 0 0 0 0 1.31467e-277 1.16861e-13 0.181368 99.8186 
60000 -100000 1 0.282011 0 0 0 0 4.43334e-280 8.51349e-14 0.169971 99.83 
61000 -100000 1 0.27849 0 0 0 0 1.35865e-282 6.1694e-14 0.159121 99.8409 
62000 -100000 1 0.274977 0 0 0 0 3.78402e-285 4.4471e-14 0.148805 99.8512 
63000 -100000 1 0.271473 0 0 0 0 9.57793e-288 3.18868e-14 0.139009 99.861 
64000 -100000 1 0.267979 0 0 0 0 2.20329e-290 2.27428e-14 0.129721 99.8703 
65000 -100000 1 0.264497 0 0 0 0 4.60637e-293 1.61353e-14 0.120924 99.8791 
66000 -100000 1 0.261028 0 0 0 0 8.75274e-296 1.1387e-14 0.112604 99.8874 
67000 -100000 1 0.257573 0 0 0 0 1.5116e-298 7.99362e-15 0.104745 99.8953 
68000 -100000 1 0.254133 0 0 0 0 2.37275e-301 5.58186e-15 0.0973321 99.9027 
69000 -100000 1 0.25071 0 0 0 0 3.38533e-304 3.87718e-15 0.0903478 99.9097 
70000 -100000 1 0.247304 0 0 0 0 4.39035e-307 2.67889e-15 0.0837759 99.9162 
71000 -100000 1 0.243917 0 0 0 0 5.17565e-310 1.84118e-15 0.0776001 99.9224 
72000 -100000 1 0.240548 0 0 0 0 5.54649e-313 1.25875e-15 0.0718037 99.9282 
73000 -100000 1 0.2372 0 0 0 0 5.40335e-316 8.56022e-16 0.0663703 99.9336 
74000 -100000 1 0.233873 0 0 0 0 4.98512e-319 5.79075e-16 0.0612833 99.9387 
75000 -100000 1 0.230568 0 0 0 0 0 3.89662e-16 0.0565268 99.9435 
76000 -100000 1 0.227286 0 0 0 0 0 2.60822e-16 0.0520845 99.9479 
77000 -100000 1 0.224027 0 0 0 0 0 1.73662e-16 0.047941 99.9521 
78000 -100000 1 0.220792 0 0 0 0 0 1.15019e-16 0.0440808 99.9559 
79000 -100000 1 0.217581 0 0 0 0 0 7.57777e-17 0.0404889 99.9595 
80000 -100000 1 0.214396 0 0 0 0 0 4.96611e-17 0.0371507 99.9628 
81000 -100000 1 0.211237 0 0 0 0 0 3.2374e-17 0.034052 99.9659 
82000 -100000 1 0.208105 0 0 0 0 0 2.09933e-17 0.0311792 99.9688 
83000 -100000 1 0.204999 0 0 0 0 0 1.35417e-17 0.0285188 99.9715 
84000 -100000 1 0.201921 0 0 0 0 0 8.68897e-18 0.0260582 99.9739 
85000 -100000 1 0.19887 0 0 0 0 0 5.54588e-18 0.023785 99.9762 
86000 -100000 1 0.195848 0 0 0 0 0 3.5211e-18 0.0216875 99.9783 
87000 -100000 1 0.192855 0 0 0 0 0 2.22379e-18 0.0197543 99.9802 
88000 -100000 1 0.18989 0 0 0 0 0 1.39706e-18 0.0179747 99.982 
89000 -100000 1 0.186955 0 0 0 0 0 8.73054e-19 0.0163383 99.9837 
90000 -100000 1 0.184049 0 0 0 0 0 5.42719e-19 0.0148355 99.9852 
91000 -100000 1 0.181174 0 0 0 0 0 3.35595e-19 0.0134569 99.9865 
92000 -100000 1 0.178328 0 0 0 0 0 2.06425e-19 0.0121937 99.9878 
93000 -100000 1 0.175513 0 0 0 0 0 1.26304e-19 0.0110376 99.989 
94000 -100000 1 0.172728 0 0 0 0 0 7.68735e-20 0.00998071 99.99 
95000 -100000 1 0.169973 0 0 0 0 0 4.65419e-20 0.00901566 99.991 
96000 -100000 1 0.16725 0 0 0 0 0 2.80298e-20 0.00813547 99.9919 
97000 -100000 1 0.164557 0 0 0 0 0 1.67919e-20 0.00733359 99.9927 
98000 -100000 1 0.161895 0 0 0 0 0 1.00067e-20 0.0066039 99.9934 
99000 -100000 1 0.159264 0 0 0 0 0 5.93179e-21 0.00594064 99.9941 
100000 -100000 1 0.156665 0 0 0 0 0 3.49775e-21 0.00533847 99.9947 
-100000 -99000 1 0.159107 0 0 0 0 0 5.89732e-21 0.00592784 99.9941 
-99000 -99000 1 0.161763 0 0 0 0 0 1.00021e-20 0.0065969 99.9934 
-98000 -99000 1 0.164452 0 0 0 0 0 1.68747e-20 0.00733388 99.9927 
-97000 -99000 1 0.167173 0 0 0 0 0 2.83195e-20 0.00814473 99.9919 
-96000 -99000 1 0.169925 0 0 0 0 0 4.72764e-20 0.00903586 99.991 
-95000 -99000 1 0.17271 0 0 0 0 0 7.85072e-20 0.0100141 99.99 
-94000 -99000 1 0.175527 0 0 0 0 0 1.29683e-19 0.0110867 99.9889 
-93000 -99000 1 0.178376 0 0 0 0 0 2.1309e-19 0.0122615 99.9877 
-92000 -99000 1 0.181257 0 0 0 0 0 3.48297e-19 0.0135466 99.9865 
-91000 -99000 1 0.184169 0 0 0 0 0 5.66297e-19 0.0149509 99.985 
-90000 -99000 1 0.187112 0 0 0 0 0 9.15894e-19 0.0164837 99.9835 
-89000 -99000 1 0.190087 0 0 0 0 0 1.47351e-18 0.0181546 99.9818 
-88000 -99000 1 0.193092 0 0 0 0 0 2.35813e-18 0.0199741 99.98 
-87000 -99000 1 0.196128 0 0 0 0 0 3.75396e-18 0.0219531 99.978 
-86000 -99000 1 0.199195 0 0 0 0 0 5.94452e-18 0.0241031 99.9759 
-85000 -99000 1 0.202291 0 0 0 0 0 9.36378e-18 0.0264359 99.9736 
-84000 -99000 1 0.205417 0 0 0 0 0 1.46721e-17 0.0289644 99.971 
-83000 -99000 1 0.208573 0 0 0 0 0 2.28685e-17 0.0317015 99.9683 
-82000 -99000 1 0.211757 0 0 0 0 0 3.54561e-17 0.034661 99.9653 
-81000 -99000 1 0.214969 0 0 0 0 0 5.46825e-17 0.0378572 99.9621 
-80000 -99000 1 0.21821 0 0 0 0 0 8.38903e-17 0.0413048 99.9587 
-79000 -99000 1 0.221477 0 0 0 0 0 1.28021e-16 0.0450192 99.955 
-78000 -99000 1 0.224772 0 0 0 0 0 1.94336e-16 0.0490163 99.951 
-77000 -99000 1 0.228093 0 0 0 0 0 2.93449e-16 0.0533122 99.9467 
-76000 -99000 1 0.231439 0 0 0 0 0 4.40773e-16 0.0579238 99.9421 
-75000 -99000 1 0.23481 0 0 0 0 5.0118e-318 6.5857e-16 0.0628682 99.9371 
-74000 -99000 1 0.238205 0 0 0 0 6.21045e-315 9.78797e-16 0.0681628 99.9318 
-73000 -99000 1 0.241623 0 0 0 0 7.01979e-312 1.44706e-15 0.0738257 99.9262 
-72000 -99000 1 0.245064 0 0 0 0 7.21325e-309 2.12806e-15 0.0798747 99.9201 
-71000 -99000 1 0.248527 0 0 0 0 6.73786e-306 3.11304e-15 0.0863283 99.9137 
-70000 -99000 1 0.25201 0 0 0 0 5.72107e-303 4.5299e-15 0.0932048 99.9068 
-69000 -99000 1 0.255514 0 0 0 0 4.41548e-300 6.55682e-15 0.100523 99.8995 
-68000 -99000 1 0.259036 0 0 0 0 3.09749e-297 9.44063e-15 0.108301 99.8917 
-67000 -99000 1 0.262576 0 0 0 0 1.97497e-294 1.3521e-14 0.116557 99.8834 
-66000 -99000 1 0.266132 0 0 0 0 1.1445e-291 1.92628e-14 0.12531 99.8747 
-65000 -99000 1 0.269704 0 0 0 0 6.02787e-289 2.72979e-14 0.134577 99.8654 
-64000 -99000 1 0.273291 0 0 0 0 2.88536e-286 3.84805e-14 0.144376 99.8556 
-63000 -99000 1 0.27689 0 0 0 0 1.2552e-283 5.39575e-14 0.154724 99.8453 
-62000 -99000 1 0.280502 0 0 0 0 4.96245e-281 7.52596e-14 0.165637 99.8344 
-61000 -99000 1 0.284124 0 0 0 0 1.78297e-278 1.04417e-13 0.177131 99.8229 
-60000 -99000 1 0.287754 0 0 0 0 5.82175e-276 1.44105e-13 0.189221 99.8108 
-59000 -99000 1 0.291393 0 0 0 0 1.7275e-273 1.97827e-13 0.20192 99.7981 
-58000 -99000 1 0.295037 0 0 0 0 4.65835e-271 2.7014e-13 0.215242 99.7848 
-57000 -99000 1 0.298686 0 0 0 0 1.14155e-268 3.66935e-13 0.229197 99.7708 
-56000 -99000 1 0.302338 0 0 0 0 2.54216e-266 4.95777e-13 0.243795 99.7562 
-55000 -99000 1 0.305991 0 0 0 0 5.14462e-264 6.66317e-13 0.259045 99.741 
-54000 -99000 1 0.309644 0 0 0 0 9.46117e-262 8.9078e-13 0.274953 99.725 
-53000 -99000 1 0.313294 0 0 0 0 1.58116e-259 1.18456e-12 0.291526 99.7085 
-52000 -99000 1 0.316939 0 0 0 0 2.40128e-257 1.56688e-12 0.308764 99.6912 
-51000 -99000 1 0.320579 0 0 0 0 3.31397e-255 2.06162e-12 0.32667 99.6733 
-50000 -99000 1 0.32421 0 0 0 0 4.15614e-253 2.69822e-12 0.345242 99.6548 
-49000 -99000 1 0.327831 0 0 0 0 4.73659e-251 3.51269e-12 0.364476 99.6355 
-48000 -99000 1 0.331439 0 0 0 0 4.90543e-249 4.54877e-12 0.384367 99.6156 
-47000 -99000 1 0.335033 0 0 0 0 4.61661e-247 5.85924e-12 0.404904 99.5951 
-46000 -99000 1 0.33861 0 0 0 0 3.94824e-245 7.50724e-12 0.426078 99.5739 
-45000 -99000 1 0.342168 0 0 0 0 3.06845e-243 9.56778e-12 0.447873 99.5521 
-44000 -99000 1 0.345705 0 0 0 0 2.16705e-241 1.21292e-11 0.470273 99.5297 
-43000 -99000 1 0.349217 0 0 0 0 1.39076e-239 1.52949e-11 0.493258 99.5067 
-42000 -99000 1 0.352704 0 0 0 0 8.111e-238 1.91844e-11 0.516804 99.4832 
-41000 -99000 1 0.356161 0 0 0 0 4.29864e-236 2.39355e-11 0.540886 99.4591 
-40000 -99000 1 0.359588 0 0 0 0 2.07026e-234 2.97046e-11 0.565474 99.4345 
-39000 -99000 1 0.36298 0 0 0 0 9.06059e-233 3.66687e-11 0.590536 99.4095 
-38000 -99000 1 0.366336 0 0 0 3.33e-319 3.60351e-231 4.50252e-11 0.616037 99.384 
-37000 -99000 1 0.369652 0 0 0 4.7626e-317 1.30237e-229 5.49925e-11 0.641939 99.3581 
-36000 -99000 1 0.372927 0 0 0 5.74162e-315 4.27742e-228 6.68097e-11 0.6682 99.3318 
-35000 -99000 1 0.376157 0 0 0 6.0761e-313 1.27664e-226 8.07353e-11 0.694776 99.3052 
-34000 -99000 1 0.379339 0 0 0 5.64413e-311 3.46258e-225 9.70453e-11 0.72162 99.2784 
-33000 -99000 1 0.38247 0 0 0 4.60146e-309 8.5344e-224 1.16031e-10 0.748682 99.2513 
-32000 -99000 1 0.385549 0 0 0 3.2921e-307 1.91156e-222 1.37993e-10 0.775909 99.2241 
-31000 -99000 1 0.388572 0 0 0 2.06673e-305 3.8909e-221 1.6324e-10 0.803246 99.1968 
-30000 -99000 1 0.391535 0 0 0 1.13837e-303 7.19707e-220 1.92081e-10 0.830637 99.1694 
-29000 -99000 1 0.394437 0 0 0 5.50093e-302 1.20979e-218 2.24816e-10 0.85802 99.142 
-28000 -99000 1 0.397274 0 0 0 2.33189e-300 1.84803e-217 2.61731e-10 0.885335 99.1147 
-27000 -99000 1 0.400044 0 0 0 8.67096e-299 2.56542e-216 3.03088e-10 0.912518 99.0875 
-26000 -99000 1 0.402743 0 0 0 2.82805e-297 3.23637e-215 3.49113e-10 0.939504 99.0605 
-25000 -99000 1 0.405369 0 0 0 8.08986e-296 3.71029e-214 3.99991e-10 0.966227 99.0338 
-24000 -99000 1 0.407919 0 0 0 2.02959e-294 3.86554e-213 4.55846e-10 0.99262 99.0074 
-23000 -99000 1 0.410389 0 0 0 4.46546e-293 3.65986e-212 5.16738e-10 1.01862 98.9814 
-22000 -99000 1 0.412779 0 0 0 8.61584e-292 3.14901e-211 5.82649e-10 1.04414 98.9559 
-21000 -99000 1 0.415084 0 0 0 1.45776e-290 2.46228e-210 6.53473e-10 1.06913 98.9309 
-20000 -99000 1 0.417301 0 0 0 2.16281e-289 1.74968e-209 7.29008e-10 1.09352 98.9065 
-19000 -99000 1 0.41943 0 0 0 2.81371e-288 1.12989e-208 8.08949e-10 1.11724 98.8828 
-18000 -99000 1 0.421466 0 0 0 3.20965e-287 6.63087e-208 8.92881e-10 1.14021 98.8598 
-17000 -99000 1 0.423407 0 0 0 3.21029e-286 3.53643e-207 9.80279e-10 1.16238 98.8376 
-16000 -99000 1 0.425252 0 0 0 2.81532e-285 1.71403e-206 1.07051e-09 1.18368 98.8163 
-15000 -99000 1 0.426997 0 0 0 2.16472e-284 7.54977e-206 1.16282e-09 1.20405 98.796 
-14000 -99000 1 0.428641 0 0 0 1.45934e-283 3.02211e-205 1.25638e-09 1.22342 98.7766 
-13000 -99000 1 0.430181 0 0 0 8.62556e-283 1.09938e-204 1.35024e-09 1.24173 98.7583 
-12000 -99000 1 0.431616 0 0 0 4.4698e-282 3.63455e-204 1.44339e-09 1.25893 98.7411 
-11000 -99000 1 0.432943 0 0 0 2.03073e-281 1.09199e-203 1.53476e-09 1.27497 98.725 
-10000 -99000 1 0.434161 0 0 0 8.0887e-281 2.98158e-203 1.62323e-09 1.28979 98.7102 
-9000 -99000 1 0.435269 0 0 0 2.82462e-280 7.39848e-203 1.70766e-09 1.30335 98.6966 
-8000 -99000 1 0.436264 0 0 0 8.64758e-280 1.66841e-202 1.78693e-09 1.31561 98.6844 
-7000 -99000 1 0.437146 0 0 0 2.32102e-279 3.41925e-202 1.85994e-09 1.32652 98.6735 
-6000 -99000 1 0.437913 0 0 0 5.46148e-279 6.36831e-202 1.92562e-09 1.33605 98.6639 
-5000 -99000 1 0.438564 0 0 0 1.12665e-278 1.07792e-201 1.98301e-09 1.34417 98.6558 
-4000 -99000 1 0.439098 0 0 0 2.03755e-278 1.65811e-201 2.03126e-09 1.35085 98.6491 
-3000 -99000 1 0.439516 0 0 0 3.2305e-278 2.31797e-201 2.0696e-09 1.35608 98.6439 
-2000 -99000 1 0.439815 0 0 0 4.49027e-278 2.9449e-201 2.09745e-09 1.35983 98.6402 
-1000 -99000 1 0.439996 0 0 0 5.47162e-278 3.40018e-201 2.11436e-09 1.36209 98.6379 
0 -99000 1 0.440058 0 0 0 5.84519e-278 3.56781e-201 2.12007e-09 1.36285 98.6372 
1000 -99000 1 0.440001 0 0 0 5.47421e-278 3.40227e-201 2.11448e-09 1.36211 98.6379 
2000 -99000 1 0.439826 0 0 0 4.49452e-278 2.94852e-201 2.09769e-09 1.35988 98.6401 
3000 -99000 1 0.439533 0 0 0 3.23508e-278 2.32224e-201 2.06995e-09 1.35616 98.6438 
4000 -99000 1 0.439121 0 0 0 2.0414e-278 1.66218e-201 2.03172e-09 1.35097 98.649 
5000 -99000 1 0.438592 0 0 0 1.12931e-278 1.08123e-201 1.98358e-09 1.34431 98.6557 
6000 -99000 1 0.437947 0 0 0 5.477e-279 6.3918e-202 1.92628e-09 1.33622 98.6638 
7000 -99000 1 0.437185 0 0 0 2.32871e-279 3.43397e-202 1.86068e-09 1.32671 98.6733 
8000 -99000 1 0.436309 0 0 0 8.68035e-280 1.67662e-202 1.78775e-09 1.31583 98.6842 
9000 -99000 1 0.435319 0 0 0 2.83667e-280 7.43946e-203 1.70854e-09 1.3036 98.6964 
10000 -99000 1 0.434217 0 0 0 8.12703e-281 2.99994e-203 1.62415e-09 1.29006 98.7099 
11000 -99000 1 0.433004 0 0 0 2.04132e-281 1.09938e-203 1.53572e-09 1.27526 98.7247 
12000 -99000 1 0.431682 0 0 0 4.49523e-282 3.66142e-204 1.44437e-09 1.25925 98.7408 
13000 -99000 1 0.430253 0 0 0 8.67873e-283 1.10819e-204 1.35124e-09 1.24206 98.7579 
14000 -99000 1 0.428718 0 0 0 1.46903e-283 3.04819e-205 1.25738e-09 1.22377 98.7762 
15000 -99000 1 0.427079 0 0 0 2.18012e-284 7.6196e-206 1.16382e-09 1.20442 98.7956 
16000 -99000 1 0.425339 0 0 0 2.8367e-285 1.73095e-206 1.07148e-09 1.18408 98.8159 
17000 -99000 1 0.423499 0 0 0 3.23619e-286 3.57352e-207 9.8123e-10 1.1628 98.8372 
18000 -99000 1 0.421562 0 0 0 3.23709e-287 6.70454e-208 8.93798e-10 1.14064 98.8594 
19000 -99000 1 0.419531 0 0 0 2.8391e-288 1.14314e-208 8.09826e-10 1.11768 98.8823 
20000 -99000 1 0.417407 0 0 0 2.18336e-289 1.77129e-209 7.29841e-10 1.09398 98.906 
21000 -99000 1 0.415194 0 0 0 1.47231e-290 2.49423e-210 6.54257e-10 1.0696 98.9304 
22000 -99000 1 0.412894 0 0 0 8.70593e-292 3.19183e-211 5.83381e-10 1.04462 98.9554 
23000 -99000 1 0.410509 0 0 0 4.51428e-293 3.71191e-212 5.17417e-10 1.0191 98.9809 
24000 -99000 1 0.408042 0 0 0 2.05275e-294 3.92292e-213 4.56471e-10 0.993117 99.0069 
25000 -99000 1 0.405496 0 0 0 8.18606e-296 3.76768e-214 4.00563e-10 0.966732 99.0333 
26000 -99000 1 0.402874 0 0 0 2.86303e-297 3.28845e-215 3.49633e-10 0.940014 99.06 
27000 -99000 1 0.400179 0 0 0 8.78237e-299 2.60831e-216 3.03556e-10 0.913033 99.087 
28000 -99000 1 0.397413 0 0 0 2.36297e-300 1.88008e-217 2.62151e-10 0.885853 99.1141 
29000 -99000 1 0.39458 0 0 0 5.57687e-302 1.23153e-218 2.25189e-10 0.858541 99.1415 
30000 -99000 1 0.391681 0 0 0 1.15463e-303 7.33091e-220 1.92411e-10 0.831158 99.1688 
31000 -99000 1 0.388721 0 0 0 2.09724e-305 3.96569e-221 1.63531e-10 0.803768 99.1962 
32000 -99000 1 0.385702 0 0 0 3.34229e-307 1.94951e-222 1.38246e-10 0.776429 99.2236 
33000 -99000 1 0.382626 0 0 0 4.67382e-309 8.70916e-224 1.1625e-10 0.7492 99.2508 
34000 -99000 1 0.379497 0 0 0 5.73558e-311 3.53566e-225 9.72347e-11 0.722135 99.2779 
35000 -99000 1 0.376318 0 0 0 6.17747e-313 1.30439e-226 8.08976e-11 0.695287 99.3047 
36000 -99000 1 0.373091 0 0 0 5.84015e-315 4.37307e-228 6.69479e-11 0.668705 99.3313 
37000 -99000 1 0.369819 0 0 0 4.84757e-317 1.33231e-229 5.51095e-11 0.642438 99.3576 
38000 -99000 1 0.366505 0 0 0 3.65115e-319 3.68863e-231 4.51235e-11 0.616529 99.3835 
39000 -99000 1 0.363152 0 0 0 0 9.28033e-233 3.67509e-11 0.591021 99.409 
40000 -99000 1 0.359762 0 0 0 0 2.12178e-234 2.9773e-11 0.56595 99.4341 
41000 -99000 1 0.356338 0 0 0 0 4.40832e-236 2.3992e-11 0.541353 99.4586 
42000 -99000 1 0.352882 0 0 0 0 8.32308e-238 1.92308e-11 0.517262 99.4827 
43000 -99000 1 0.349398 0 0 0 0 1.42801e-239 1.53328e-11 0.493705 99.5063 
44000 -99000 1 0.345887 0 0 0 0 2.22645e-241 1.216e-11 0.47071 99.5293 
45000 -99000 1 0.342352 0 0 0 0 3.1545e-243 9.59261e-12 0.448299 99.5517 
46000 -99000 1 0.338795 0 0 0 0 4.06147e-245 7.52717e-12 0.426492 99.5735 
47000 -99000 1 0.33522 0 0 0 0 4.75193e-247 5.87513e-12 0.405307 99.5947 
48000 -99000 1 0.331627 0 0 0 0 5.05234e-249 4.56138e-12 0.384757 99.6152 
49000 -99000 1 0.32802 0 0 0 0 4.88145e-251 3.52263e-12 0.364855 99.6351 
50000 -99000 1 0.3244 0 0 0 0 4.28588e-253 2.70602e-12 0.345608 99.6544 
51000 -99000 1 0.32077 0 0 0 0 3.41954e-255 2.0677e-12 0.327024 99.673 
52000 -99000 1 0.317132 0 0 0 0 2.47931e-257 1.57159e-12 0.309105 99.6909 
53000 -99000 1 0.313487 0 0 0 0 1.63354e-259 1.18819e-12 0.291854 99.7081 
54000 -99000 1 0.309838 0 0 0 0 9.78063e-262 8.93565e-13 0.275269 99.7247 
55000 -99000 1 0.306186 0 0 0 0 5.32162e-264 6.6844e-13 0.259348 99.7407 
56000 -99000 1 0.302533 0 0 0 0 2.63124e-266 4.97386e-13 0.244085 99.7559 
57000 -99000 1 0.298882 0 0 0 0 1.18228e-268 3.68148e-13 0.229475 99.7705 
58000 -99000 1 0.295233 0 0 0 0 4.82754e-271 2.71048e-13 0.215508 99.7845 
59000 -99000 1 0.291589 0 0 0 0 1.79134e-273 1.98504e-13 0.202174 99.7978 
60000 -99000 1 0.287951 0 0 0 0 6.04065e-276 1.44607e-13 0.189463 99.8105 
61000 -99000 1 0.28432 0 0 0 0 1.85116e-278 1.04787e-13 0.177362 99.8226 
62000 -99000 1 0.280698 0 0 0 0 5.1554e-281 7.55307e-14 0.165856 99.8341 
63000 -99000 1 0.277087 0 0 0 0 1.30481e-283 5.41551e-14 0.154932 99.8451 
64000 -99000 1 0.273487 0 0 0 0 3.00124e-286 3.86237e-14 0.144574 99.8554 
65000 -99000 1 0.2699 0 0 0 0 6.27385e-289 2.74012e-14 0.134764 99.8652 
66000 -99000 1 0.266328 0 0 0 0 1.19194e-291 1.93368e-14 0.125487 99.8745 
67000 -99000 1 0.262771 0 0 0 0 2.0581e-294 1.35738e-14 0.116724 99.8833 
68000 -99000 1 0.259231 0 0 0 0 3.22987e-297 9.47803e-15 0.108459 99.8915 
69000 -99000 1 0.255708 0 0 0 0 4.60702e-300 6.5832e-15 0.100672 99.8993 
70000 -99000 1 0.252204 0 0 0 0 5.97293e-303 4.54839e-15 0.0933448 99.9067 
71000 -99000 1 0.24872 0 0 0 0 7.03882e-306 3.12594e-15 0.0864599 99.9135 
72000 -99000 1 0.245257 0 0 0 0 7.5401e-309 2.13701e-15 0.0799982 99.92 
73000 -99000 1 0.241815 0 0 0 0 7.3424e-312 1.45323e-15 0.0739415 99.9261 
74000 -99000 1 0.238396 0 0 0 0 6.49986e-315 9.83028e-16 0.0682713 99.9317 
75000 -99000 1 0.235 0 0 0 0 5.23265e-318 6.61456e-16 0.0629696 99.937 
76000 -99000 1 0.231628 0 0 0 0 0 4.42731e-16 0.0580186 99.942 
77000 -99000 1 0.228281 0 0 0 0 0 2.9477e-16 0.0534006 99.9466 
78000 -99000 1 0.22496 0 0 0 0 0 1.95223e-16 0.0490987 99.9509 
79000 -99000 1 0.221664 0 0 0 0 0 1.28613e-16 0.0450959 99.9549 
80000 -99000 1 0.218396 0 0 0 0 0 8.42834e-17 0.0413761 99.9586 
81000 -99000 1 0.215154 0 0 0 0 0 5.4942e-17 0.0379234 99.9621 
82000 -99000 1 0.21194 0 0 0 0 0 3.56265e-17 0.0347224 99.9653 
83000 -99000 1 0.208755 0 0 0 0 0 2.29798e-17 0.0317583 99.9682 
84000 -99000 1 0.205599 0 0 0 0 0 1.47444e-17 0.029017 99.971 
85000 -99000 1 0.202471 0 0 0 0 0 9.41049e-18 0.0264846 99.9735 
86000 -99000 1 0.199374 0 0 0 0 0 5.97454e-18 0.0241479 99.9759 
87000 -99000 1 0.196306 0 0 0 0 0 3.77314e-18 0.0219945 99.978 
88000 -99000 1 0.193268 0 0 0 0 0 2.37032e-18 0.0200122 99.98 
89000 -99000 1 0.190262 0 0 0 0 0 1.48122e-18 0.0181896 99.9818 
90000 -99000 1 0.187286 0 0 0 0 0 9.20741e-19 0.0165158 99.9835 
91000 -99000 1 0.184341 0 0 0 0 0 5.69328e-19 0.0149805 99.985 
92000 -99000 1 0.181427 0 0 0 0 0 3.50183e-19 0.0135737 99.9864 
93000 -99000 1 0.178545 0 0 0 0 0 2.14257e-19 0.0122862 99.9877 
94000 -99000 1 0.175695 0 0 0 0 0 1.30401e-19 0.0111094 99.9889 
95000 -99000 1 0.172877 0 0 0 0 0 7.89467e-20 0.0100348 99.99 
96000 -99000 1 0.17009 0 0 0 0 0 4.75439e-20 0.00905474 99.9909 
97000 -99000 1 0.167336 0 0 0 0 0 2.84815e-20 0.00816194 99.9918 
98000 -99000 1 0.164614 0 0 0 0 0 1.69722e-20 0.00734954 99.9927 
99000 -99000 1 0.161924 0 0 0 0 0 1.00605e-20 0.00661114 99.9934 
100000 -99000 1 0.159266 0 0 0 0 0 5.93214e-21 0.00594077 99.9941 
-100000 -98000 1 0.161736 0 0 0 0 0 9.94913e-21 0.00658982 99.9934 
-99000 -98000 1 0.164452 0 0 0 0 0 1.68747e-20 0.00733388 99.9927 
-98000 -98000 1 0.167201 0 0 0 0 0 2.84703e-20 0.0081535 99.9918 
-97000 -98000 1 0.169983 0 0 0 0 0 4.77812e-20 0.00905532 99.9909 
-96000 -98000 1 0.172799 0 0 0 0 0 7.9768e-20 0.0100465 99.99 
-95000 -98000 1 0.175648 0 0 0 0 0 1.32467e-19 0.0111346 99.9889 
-94000 -98000 1 0.17853 0 0 0 0 0 2.18825e-19 0.0123277 99.9877 
-93000 -98000 1 0.181446 0 0 0 0 0 3.59576e-19 0.0136345 99.9864 
-92000 -98000 1 0.184394 0 0 0 0 0 5.8775e-19 0.0150642 99.9849 
-91000 -98000 1 0.187375 0 0 0 0 0 9.55657e-19 0.0166265 99.9834 
-90000 -98000 1 0.190389 0 0 0 0 0 1.54568e-18 0.0183318 99.9817 
-89000 -98000 1 0.193436 0 0 0 0 0 2.48681e-18 0.0201909 99.9798 
-88000 -98000 1 0.196515 0 0 0 0 0 3.97991e-18 0.0222154 99.9778 
-87000 -98000 1 0.199625 0 0 0 0 0 6.33593e-18 0.0244175 99.9756 
-86000 -98000 1 0.202768 0 0 0 0 0 1.00336e-17 0.0268099 99.9732 
-85000 -98000 1 0.205942 0 0 0 0 0 1.58054e-17 0.0294061 99.9706 
-84000 -98000 1 0.209146 0 0 0 0 0 2.47664e-17 0.03222 99.9678 
-83000 -98000 1 0.212382 0 0 0 0 0 3.86034e-17 0.0352662 99.9647 
-82000 -98000 1 0.215648 0 0 0 0 0 5.98543e-17 0.0385602 99.9614 
-81000 -98000 1 0.218943 0 0 0 0 0 9.23146e-17 0.0421178 99.9579 
-80000 -98000 1 0.222268 0 0 0 0 0 1.41629e-16 0.0459554 99.954 
-79000 -98000 1 0.225622 0 0 0 0 0 2.16141e-16 0.0500903 99.9499 
-78000 -98000 1 0.229004 0 0 0 0 0 3.28117e-16 0.0545399 99.9455 
-77000 -98000 1 0.232414 0 0 0 0 4.44659e-320 4.95478e-16 0.0593226 99.9407 
-76000 -98000 1 0.23585 0 0 0 0 4.50618e-317 7.44261e-16 0.0644569 99.9355 
-75000 -98000 1 0.239313 0 0 0 0 6.16632e-314 1.11206e-15 0.069962 99.93 
-74000 -98000 1 0.242802 0 0 0 0 7.67037e-311 1.65287e-15 0.0758574 99.9241 
-73000 -98000 1 0.246315 0 0 0 0 8.67383e-308 2.44372e-15 0.082163 99.9178 
-72000 -98000 1 0.249852 0 0 0 0 8.91634e-305 3.59391e-15 0.0888991 99.9111 
-71000 -98000 1 0.253413 0 0 0 0 8.3315e-302 5.25758e-15 0.0960859 99.9039 
-70000 -98000 1 0.256996 0 0 0 0 7.07624e-299 7.65081e-15 0.103744 99.8963 
-69000 -98000 1 0.2606 0 0 0 0 5.46274e-296 1.10747e-14 0.111894 99.8881 
-68000 -98000 1 0.264224 0 0 0 0 3.83294e-293 1.59462e-14 0.120557 99.8794 
-67000 -98000 1 0.267868 0 0 0 0 2.44431e-290 2.28393e-14 0.129753 99.8702 
-66000 -98000 1 0.27153 0 0 0 0 1.41668e-287 3.25395e-14 0.139503 99.8605 
-65000 -98000 1 0.275209 0 0 0 0 7.46229e-285 4.61148e-14 0.149826 99.8502 
-64000 -98000 1 0.278903 0 0 0 0 3.57229e-282 6.50083e-14 0.160742 99.8393 
-63000 -98000 1 0.282613 0 0 0 0 1.55414e-279 9.11586e-14 0.17227 99.8277 
-62000 -98000 1 0.286335 0 0 0 0 6.14461e-277 1.27153e-13 0.184428 99.8156 
-61000 -98000 1 0.290069 0 0 0 0 2.20778e-274 1.76422e-13 0.197234 99.8028 
-60000 -98000 1 0.293814 0 0 0 0 7.20894e-272 2.43488e-13 0.210704 99.7893 
-59000 -98000 1 0.297568 0 0 0 0 2.13912e-269 3.34273e-13 0.224854 99.7751 
-58000 -98000 1 0.301329 0 0 0 0 5.76826e-267 4.5648e-13 0.239697 99.7603 
-57000 -98000 1 0.305095 0 0 0 0 1.41351e-264 6.20068e-13 0.255247 99.7448 
-56000 -98000 1 0.308866 0 0 0 0 3.14768e-262 8.37826e-13 0.271514 99.7285 
-55000 -98000 1 0.312639 0 0 0 0 6.36975e-260 1.12607e-12 0.288509 99.7115 
-54000 -98000 1 0.316413 0 0 0 0 1.17136e-257 1.50546e-12 0.306237 99.6938 
-53000 -98000 1 0.320185 0 0 0 0 1.95748e-255 2.00203e-12 0.324706 99.6753 
-52000 -98000 1 0.323954 0 0 0 0 2.9726e-253 2.64829e-12 0.343918 99.6561 
-51000 -98000 1 0.327718 0 0 0 0 4.10214e-251 3.48462e-12 0.363874 99.6361 
-50000 -98000 1 0.331475 0 0 0 0 5.1442e-249 4.56078e-12 0.384573 99.6154 
-49000 -98000 1 0.335222 0 0 0 0 5.86216e-247 5.93765e-12 0.406011 99.594 
-48000 -98000 1 0.338957 0 0 0 0 6.0706e-245 7.68925e-12 0.42818 99.5718 
-47000 -98000 1 0.342679 0 0 0 0 5.71265e-243 9.90478e-12 0.451072 99.5489 
-46000 -98000 1 0.346384 0 0 0 0 4.88515e-241 1.2691e-11 0.474672 99.5253 
-45000 -98000 1 0.350071 0 0 0 0 3.79621e-239 1.61749e-11 0.498966 99.501 
-44000 -98000 1 0.353737 0 0 0 0 2.68076e-237 2.05058e-11 0.523935 99.4761 
-43000 -98000 1 0.357379 0 0 0 0 1.72028e-235 2.58583e-11 0.549555 99.4504 
-42000 -98000 1 0.360996 0 0 0 0 1.00317e-233 3.24351e-11 0.575801 99.4242 
-41000 -98000 1 0.364583 0 0 0 3.80431e-320 5.316e-232 4.04687e-11 0.602645 99.3974 
-40000 -98000 1 0.368139 0 0 0 5.12e-318 2.55996e-230 5.02241e-11 0.630054 99.3699 
-39000 -98000 1 0.371662 0 0 0 9.13185e-316 1.12025e-228 6.20004e-11 0.657991 99.342 
-38000 -98000 1 0.375147 0 0 0 1.43241e-313 4.45491e-227 7.61315e-11 0.686417 99.3136 
-37000 -98000 1 0.378593 0 0 0 1.9726e-311 1.6099e-225 9.2987e-11 0.715291 99.2847 
-36000 -98000 1 0.381996 0 0 0 2.3846e-309 5.28688e-224 1.12971e-10 0.744564 99.2554 
-35000 -98000 1 0.385354 0 0 0 2.5301e-307 1.57776e-222 1.36521e-10 0.774189 99.2258 
-34000 -98000 1 0.388663 0 0 0 2.35587e-305 4.27881e-221 1.64104e-10 0.804113 99.1959 
-33000 -98000 1 0.391921 0 0 0 1.92491e-303 1.0545e-219 1.96212e-10 0.834279 99.1657 
-32000 -98000 1 0.395125 0 0 0 1.37996e-301 2.36166e-218 2.33355e-10 0.864629 99.1354 
-31000 -98000 1 0.398272 0 0 0 8.6793e-300 4.80653e-217 2.76054e-10 0.895102 99.1049 
-30000 -98000 1 0.401358 0 0 0 4.78878e-298 8.88979e-216 3.24831e-10 0.925634 99.0744 
-29000 -98000 1 0.404381 0 0 0 2.31769e-296 1.49417e-214 3.80194e-10 0.956158 99.0438 
-28000 -98000 1 0.407337 0 0 0 9.83889e-295 2.2822e-213 4.42628e-10 0.986605 99.0134 
-27000 -98000 1 0.410223 0 0 0 3.6633e-293 3.16781e-212 5.12576e-10 1.0169 98.9831 
-26000 -98000 1 0.413037 0 0 0 1.19622e-291 3.9959e-211 5.9042e-10 1.04698 98.953 
-25000 -98000 1 0.415776 0 0 0 3.4256e-290 4.5806e-210 6.7647e-10 1.07677 98.9232 
-24000 -98000 1 0.418436 0 0 0 8.60269e-289 4.7718e-209 7.7094e-10 1.10619 98.8938 
-23000 -98000 1 0.421014 0 0 0 1.89446e-287 4.51749e-208 8.7393e-10 1.13516 98.8648 
-22000 -98000 1 0.423508 0 0 0 3.65828e-286 3.88657e-207 9.8541e-10 1.16361 98.8364 
-21000 -98000 1 0.425914 0 0 0 6.1943e-285 3.03873e-206 1.1052e-09 1.19147 98.8085 
-20000 -98000 1 0.42823 0 0 0 9.19646e-284 2.15911e-205 1.23296e-09 1.21865 98.7813 
-19000 -98000 1 0.430453 0 0 0 1.19716e-282 1.39417e-204 1.36817e-09 1.24508 98.7549 
-18000 -98000 1 0.43258 0 0 0 1.36639e-281 8.18121e-204 1.51013e-09 1.27069 98.7293 
-17000 -98000 1 0.434609 0 0 0 1.36736e-280 4.36294e-203 1.65796e-09 1.2954 98.7046 
-16000 -98000 1 0.436537 0 0 0 1.19969e-279 2.11447e-202 1.81057e-09 1.31913 98.6809 
-15000 -98000 1 0.438361 0 0 0 9.22837e-279 9.31294e-202 1.96671e-09 1.34183 98.6582 
-14000 -98000 1 0.44008 0 0 0 6.22364e-278 3.72765e-201 2.12494e-09 1.36341 98.6366 
-13000 -98000 1 0.441691 0 0 0 3.67979e-277 1.35596e-200 2.2837e-09 1.38382 98.6162 
-12000 -98000 1 0.443192 0 0 0 1.90746e-276 4.48255e-200 2.44125e-09 1.40299 98.597 
-11000 -98000 1 0.44458 0 0 0 8.66842e-276 1.34669e-199 2.5958e-09 1.42087 98.5791 
-10000 -98000 1 0.445855 0 0 0 3.45358e-275 3.67686e-199 2.74544e-09 1.43738 98.5626 
-9000 -98000 1 0.447014 0 0 0 1.20627e-274 9.12332e-199 2.88825e-09 1.4525 98.5475 
-8000 -98000 1 0.448055 0 0 0 3.69368e-274 2.05729e-198 3.02233e-09 1.46615 98.5338 
-7000 -98000 1 0.448978 0 0 0 9.91548e-274 4.21607e-198 3.1458e-09 1.47831 98.5217 
-6000 -98000 1 0.449781 0 0 0 2.33348e-273 7.85215e-198 3.2569e-09 1.48893 98.5111 
-5000 -98000 1 0.450463 0 0 0 4.81427e-273 1.32904e-197 3.35398e-09 1.49798 98.502 
-4000 -98000 1 0.451022 0 0 0 8.70745e-273 2.04435e-197 3.43557e-09 1.50543 98.4946 
-3000 -98000 1 0.451459 0 0 0 1.38065e-272 2.85788e-197 3.50043e-09 1.51125 98.4888 
-2000 -98000 1 0.451772 0 0 0 1.91915e-272 3.6308e-197 3.54753e-09 1.51543 98.4846 
-1000 -98000 1 0.451962 0 0 0 2.33865e-272 4.19209e-197 3.57613e-09 1.51794 98.4821 
0 -98000 1 0.452027 0 0 0 2.49834e-272 4.39874e-197 3.58579e-09 1.51879 98.4812 
1000 -98000 1 0.451967 0 0 0 2.33975e-272 4.19466e-197 3.57634e-09 1.51797 98.482 
2000 -98000 1 0.451784 0 0 0 1.92096e-272 3.63526e-197 3.54793e-09 1.51549 98.4845 
3000 -98000 1 0.451477 0 0 0 1.38261e-272 2.86315e-197 3.50102e-09 1.51134 98.4887 
4000 -98000 1 0.451046 0 0 0 8.72392e-273 2.04938e-197 3.43635e-09 1.50555 98.4944 
5000 -98000 1 0.450492 0 0 0 4.82567e-273 1.33312e-197 3.35493e-09 1.49814 98.5019 
6000 -98000 1 0.449816 0 0 0 2.34011e-273 7.8811e-198 3.25801e-09 1.48912 98.5109 
7000 -98000 1 0.449019 0 0 0 9.94834e-274 4.23422e-198 3.14706e-09 1.47853 98.5215 
8000 -98000 1 0.448102 0 0 0 3.70768e-274 2.06742e-198 3.02371e-09 1.4664 98.5336 
9000 -98000 1 0.447066 0 0 0 1.21141e-274 9.17384e-199 2.88973e-09 1.45277 98.5472 
10000 -98000 1 0.445913 0 0 0 3.46995e-275 3.69949e-199 2.747e-09 1.43768 98.5623 
11000 -98000 1 0.444644 0 0 0 8.71361e-276 1.35581e-199 2.59742e-09 1.42119 98.5788 
12000 -98000 1 0.443261 0 0 0 1.91831e-276 4.51568e-200 2.44292e-09 1.40334 98.5967 
13000 -98000 1 0.441765 0 0 0 3.70247e-277 1.36682e-200 2.28539e-09 1.3842 98.6158 
14000 -98000 1 0.44016 0 0 0 6.26497e-278 3.75981e-201 2.12664e-09 1.36381 98.6362 
